id	country	village_name	cl	X1	X2	X3	X4	X5
590597	UZBEKISTAN	Karshi	1	0.999989504	5.59E-08	4.86E-08	2.31E-06	8.08E-06
591286	UZBEKISTAN	Bukhara	1	0.999863551	0.000103172	3.00E-07	2.05E-05	1.25E-05
591287	UZBEKISTAN	Bukhara	1	0.987200969	0.003381508	1.91E-05	0.009339758	5.87E-05
591288	UZBEKISTAN	Bukhara	1	0.999976971	3.96E-08	7.79E-09	2.29E-05	1.06E-07
591289	UZBEKISTAN	Bukhara	2	0.002844921	0.987343584	3.51E-06	0.009790299	1.77E-05
591290	UZBEKISTAN	Bukhara	1	0.999764499	4.68E-06	6.02E-09	0.000228835	1.98E-06
591291	UZBEKISTAN	Bukhara	1	0.99961852	0.000203079	2.30E-07	1.57E-05	0.000162491
591292	UZBEKISTAN	Bukhara	1	0.998263624	1.41E-06	3.06E-08	0.001734542	3.94E-07
591293	UZBEKISTAN	Bukhara	1	0.99986545	1.49E-06	4.28E-07	6.54E-05	6.72E-05
591295	UZBEKISTAN	Bukhara	1	0.998366866	4.20E-05	1.17E-07	0.001587039	4.01E-06
591297	UZBEKISTAN	Bukhara	4	0.004126644	0.006195948	6.54E-09	0.98967415	3.25E-06
591298	UZBEKISTAN	Bukhara	1	0.979738416	0.007661307	0.000126696	9.33E-08	0.012473487
591299	UZBEKISTAN	Bukhara	4	0.064659277	0.001410475	1.27E-07	0.933915956	1.42E-05
591300	UZBEKISTAN	Bukhara	1	0.988455175	0.000123792	2.25E-07	2.75E-05	0.01139334
591302	UZBEKISTAN		1	0.958946495	8.12E-06	2.48E-05	7.80E-07	0.041019812
591303	UZBEKISTAN	Bukhara	3	9.68E-05	2.15E-05	0.995883351	2.25E-10	0.003998428
591304	UZBEKISTAN	Bukhara	3	5.40E-05	5.58E-05	0.991576371	1.97E-07	0.008313632
591305	UZBEKISTAN	Bukhara	1	0.992593787	0.000195877	1.50E-05	0.001681949	0.005513367
591307	UZBEKISTAN	Bukhara	1	0.99873201	5.25E-05	1.52E-06	0.001112767	0.000101212
591308	UZBEKISTAN	Bukhara	1	0.72903724	0.262157972	0.000616138	0.004214171	0.003974478
591310	UZBEKISTAN	Bukhara	4	3.26E-05	1.51E-07	4.65E-12	0.999967285	1.81E-12
591311	UZBEKISTAN	Bukhara	2	0.191992679	0.436023793	0.005436643	0.366503674	4.32E-05
591312	UZBEKISTAN	Bukhara	4	0.001011331	6.40E-07	1.90E-10	0.99898801	1.83E-08
591314	UZBEKISTAN	Bukhara	1	0.999349243	4.46E-06	1.55E-07	7.81E-06	0.000638336
591316	UZBEKISTAN	Bukhara	3	5.62E-06	2.21E-06	0.999991943	2.07E-07	2.41E-08
591317	UZBEKISTAN	Bukhara	5	0.001516381	2.55E-05	9.45E-05	1.69E-08	0.99836364
591319	ARMENIA	Chambarak	5	0.001133739	0.001111298	0.000135743	1.76E-08	0.997619202
591320	ARMENIA	Chambarak	2	0.003040669	0.969848922	0.008320194	0.000421125	0.018369091
591321	ARMENIA	Chambarak	2	0.033071886	0.959832756	2.31E-05	0.006285263	0.000786975
591322	ARMENIA	Chambarak	5	1.46E-06	0.000456335	0.000524102	3.88E-10	0.999018099
591323	ARMENIA	Chambarak	2	0.000198224	0.967656172	0.000404859	1.78E-07	0.031740566
591325	ARMENIA	Chambarak	2	3.79E-05	0.98961922	0.002084961	1.56E-05	0.008242361
591327	ARMENIA	Chambarak	5	0.000448746	0.000136875	2.01E-05	9.60E-09	0.999394254
591328	ARMENIA	Chambarak	2	6.84E-05	0.617900241	2.73E-05	3.19E-06	0.382000904
591329	ARMENIA	Chambarak	3	4.89E-05	0.014035913	0.985881864	1.71E-08	3.33E-05
591333	ARMENIA	Chambarak	3	7.79E-08	0.000263689	0.99967584	3.95E-08	6.04E-05
591334	ARMENIA	Chambarak	3	2.06E-09	3.77E-06	0.999991954	2.95E-13	4.27E-06
591335	ARMENIA	Chambarak	2	1.60E-06	0.999940455	4.20E-05	2.68E-08	1.59E-05
591336	ARMENIA	Chambarak	5	7.93E-05	1.13E-05	0.004325449	6.69E-12	0.995583913
591337	ARMENIA	Chambarak	3	2.61E-06	0.001060048	0.949955573	1.82E-08	0.048981746
591413	ARMENIA	Chambarak	2	1.31E-05	0.99979872	1.93E-06	0.000153018	3.33E-05
591415	UZBEKISTAN	Karshi	4	0.000748543	0.002166989	3.69E-08	0.9970844	3.12E-08
591418	UZBEKISTAN	Bukhara	1	0.978012098	2.92E-07	1.88E-06	3.45E-06	0.021982286
591419	UZBEKISTAN	Bukhara	1	0.999991293	5.31E-07	6.81E-07	6.27E-06	1.22E-06
591421	GEORGIA	Imereti	3	2.63E-12	6.11E-08	0.99999972	8.70E-16	2.19E-07
591422	GEORGIA	Imereti	3	4.55E-08	7.45E-07	0.998772912	7.69E-13	0.001226297
591423	GEORGIA	Imereti	3	1.47E-09	1.31E-06	0.99930824	2.53E-14	0.000690444
591429	GEORGIA	Imereti	5	9.68E-06	0.000422784	0.000486513	7.56E-10	0.99908102
591430	GEORGIA	Imereti	5	1.10E-05	2.11E-05	0.096037381	2.95E-10	0.903930475
591431	GEORGIA	Imereti	3	3.46E-10	5.99E-06	0.999993496	2.60E-14	5.14E-07
591433	GEORGIA	Imereti	3	7.93E-07	9.25E-05	0.999894442	1.65E-08	1.22E-05
591434	GEORGIA	Imereti	3	1.31E-05	0.010059799	0.989907881	1.99E-06	1.72E-05
591435	GEORGIA	Imereti	2	0.003850538	0.995804618	4.55E-06	2.91E-05	0.000311204
591436	GEORGIA	Imereti	3	1.56E-10	2.00E-08	0.999967332	3.20E-16	3.26E-05
591437	GEORGIA	Imereti	3	7.91E-09	9.98E-06	0.999975213	5.76E-10	1.48E-05
591438	GEORGIA	Imereti	3	8.60E-08	0.000141425	0.999857214	2.66E-10	1.27E-06
591439	GEORGIA	Imereti	3	5.16E-08	2.73E-09	0.998723271	1.22E-13	0.001276674
591440	GEORGIA	Imereti	5	0.007394715	0.001902485	5.64E-05	8.37E-08	0.990646312
591442	GEORGIA	Imereti	3	0.00363849	0.026690553	0.959745915	2.55E-07	0.009924787
591443	GEORGIA	Imereti	5	9.92E-05	2.46E-05	0.00151822	2.94E-11	0.998357977
591444	GEORGIA	Imereti	5	0.000199212	0.003939976	0.001805955	2.03E-06	0.994052831
591445	GEORGIA	Imereti	3	5.61E-06	0.014700569	0.984252041	2.80E-07	0.001041503
591446	GEORGIA	Imereti	5	0.160223407	0.005450613	0.200593598	1.95E-08	0.633732362
591447	GEORGIA	Imereti	5	0.000521244	0.00021968	0.115367097	2.37E-08	0.883891956
591449	GEORGIA	Imereti	2	7.17E-06	0.993440439	2.91E-05	1.48E-06	0.006521782
591450	GEORGIA	Imereti	5	1.25E-06	2.00E-06	5.90E-07	4.40E-13	0.999996164
591451	GEORGIA	Imereti	5	6.73E-06	3.01E-06	8.28E-05	7.08E-11	0.999907481
591453	GEORGIA	Imereti	5	8.13E-09	4.32E-06	3.64E-06	3.83E-12	0.999992028
591454	AZERBAIJAN	Sis	1	0.995208969	0.002592236	2.47E-06	0.001153847	0.001042477
591455	AZERBAIJAN	Sis	1	0.978798268	0.002937595	5.26E-07	0.01792588	0.00033773
591457	ARMENIA	Chambarak	5	1.64E-06	0.000130836	4.72E-07	2.18E-12	0.999867049
591458	AZERBAIJAN	Sis	2	0.045713315	0.728205252	2.77E-06	0.004842217	0.221236444
591460	GEORGIA	Imereti	5	7.99E-07	4.76E-06	0.003066989	2.55E-13	0.996927455
591461	GEORGIA	Imereti	3	0.000132252	0.043103963	0.956655972	2.12E-10	0.000107812
591462	GEORGIA	Imereti	3	6.68E-05	5.42E-05	0.993882468	2.24E-07	0.005996248
591463	GEORGIA	Imereti	5	3.87E-06	1.75E-05	4.14E-06	8.57E-10	0.999974453
591464	GEORGIA	Imereti	5	0.141117799	2.86E-05	0.030983344	1.43E-08	0.827870263
591465	GEORGIA	Imereti	5	1.79E-07	0.001469741	1.66E-06	8.49E-09	0.998528411
591467	GEORGIA	Imereti	2	4.07E-05	0.992350045	0.007034868	1.42E-08	0.000574387
591468	GEORGIA	Imereti	3	5.57E-07	0.000139409	0.99920403	3.41E-11	0.000656004
591469	GEORGIA	Imereti	5	0.020424491	0.003415036	4.77E-06	2.60E-06	0.976153103
591470	GEORGIA	Imereti	2	1.32E-05	0.845436071	2.09E-05	1.35E-05	0.154516311
591472	GEORGIA	Imereti	5	5.84E-07	9.79E-06	1.15E-06	4.50E-12	0.999988477
591473	GEORGIA	Imereti	2	2.50E-05	0.911776735	1.66E-05	1.90E-06	0.08817977
591475	GEORGIA	Imereti	3	1.22E-06	4.27E-06	0.998630677	4.46E-11	0.001363828
591477	GEORGIA	Imereti	2	3.19E-07	0.99990338	2.37E-06	9.32E-05	7.64E-07
591479	GEORGIA	Imereti	2	1.43E-07	0.999944886	3.94E-05	1.65E-07	1.55E-05
591480	GEORGIA	Imereti	2	1.14E-05	0.979501525	0.000112669	3.96E-09	0.020374384
591481	GEORGIA	Imereti	1	0.794512565	0.049907678	0.132330452	0.001029589	0.022219716
591482	GEORGIA	Imereti	5	0.001675853	0.002579587	0.048613716	2.25E-07	0.947130619
591483	GEORGIA	Imereti	3	0.000269588	0.039165711	0.881440791	5.86E-10	0.07912391
591486	GEORGIA	Imereti	2	1.14E-06	0.99181097	0.00744872	2.93E-08	0.000739141
591487	GEORGIA	Imereti	3	9.32E-05	0.000512618	0.925167786	6.95E-08	0.074226374
591488	GEORGIA	Imereti	3	0.000315085	0.005326887	0.994192001	1.14E-06	0.000164889
591490	GEORGIA	Imereti	2	2.05E-06	0.999925688	4.24E-05	5.39E-06	2.45E-05
591494	GEORGIA	Imereti	3	1.37E-06	3.55E-05	0.999520383	4.17E-09	0.000442758
591495	GEORGIA	Imereti	5	9.66E-07	0.000314507	0.036541624	1.01E-11	0.963142903
591496	GEORGIA	Imereti	5	1.52E-07	1.72E-06	0.002325525	3.30E-13	0.9976726
591497	GEORGIA	Imereti	5	3.52E-06	0.00014317	0.015294407	1.38E-10	0.984558899
591498	GEORGIA	Imereti	2	6.65E-05	0.998932214	0.000917949	6.19E-06	7.71E-05
591499	GEORGIA	Imereti	2	5.04E-07	0.999900979	8.78E-05	3.65E-07	1.03E-05
591501	GEORGIA	Imereti	3	3.35E-05	0.007323184	0.991027099	2.94E-09	0.001616213
591502	GEORGIA	Imereti	2	0.007864175	0.971488927	0.00014533	0.000857916	0.019643653
591503	GEORGIA	Imereti	5	0.001688333	0.000362037	0.00011426	5.81E-07	0.997834788
591504	GEORGIA	Imereti	5	7.87E-06	0.018255627	0.000433604	7.06E-08	0.981302828
591505	GEORGIA	Imereti	5	0.000111201	0.003943208	0.001472616	1.20E-09	0.994472973
591507	GEORGIA	Imereti	5	0.000438066	0.002738931	2.10E-06	2.25E-08	0.996820883
591508	GEORGIA	Imereti	2	1.49E-06	0.99982395	1.26E-05	2.05E-07	0.000161744
591509	GEORGIA	Imereti	3	1.50E-05	0.020098032	0.830495023	1.21E-07	0.149391796
594206	ARMENIA	Gavar	2	9.56E-06	0.971789207	0.000226643	2.23E-08	0.027974568
594207	ARMENIA	Gavar	5	0.000797014	0.000434615	3.08E-06	2.12E-08	0.998765268
594210	ARMENIA	Gavar	5	0.000323157	0.011355943	0.023139024	1.99E-07	0.965181678
594213	ARMENIA	Yegvard	5	0.015845384	0.006280886	0.0001434	3.39E-07	0.97772999
594216	ARMENIA	Yegvard	2	0.000173465	0.797410243	7.89E-05	7.56E-05	0.202261771
594217	ARMENIA	Yegvard	5	9.79E-06	0.001778039	1.15E-06	9.09E-10	0.998211023
594218	ARMENIA	Yegvard	2	3.86E-05	0.999337706	1.49E-05	2.83E-07	0.000608496
594219	ARMENIA	Yegvard	1	0.997030089	0.000156486	1.39E-05	0.000423912	0.002375652
594221	ARMENIA	Yegvard	2	0.008398405	0.988150429	0.000848257	0.000656795	0.001946114
594222	ARMENIA	Yegvard	2	0.000156408	0.99776026	3.52E-06	2.53E-05	0.00205452
594223	ARMENIA	Yegvard	5	4.60E-07	5.12E-06	0.004730055	1.55E-13	0.99526437
594225	ARMENIA	Yegvard	2	2.99E-05	0.990896743	9.21E-06	1.20E-07	0.009063983
594226	ARMENIA	Yegvard	5	0.005882594	0.003060665	2.75E-05	2.35E-08	0.991029255
594227	ARMENIA	Yegvard	5	1.12E-05	0.000744393	0.000772123	2.20E-09	0.998472259
594228	ARMENIA	Yegvard	2	9.19E-05	0.999805793	6.03E-06	8.00E-05	1.64E-05
594229	ARMENIA	Yegvard	2	6.21E-07	0.999977548	1.85E-05	3.95E-08	3.29E-06
594230	ARMENIA	Yegvard	2	0.000552379	0.954240969	0.005494724	8.89E-06	0.039703036
594231	ARMENIA	Yegvard	2	0.000230834	0.978236619	0.00015763	3.41E-08	0.021374882
594232	ARMENIA	Yegvard	5	0.000694365	0.059823743	0.000303867	3.16E-07	0.939177709
594233	ARMENIA	Yegvard	2	2.39E-09	0.999528324	4.71E-05	5.22E-08	0.000424484
594235	ARMENIA	Yegvard	5	1.25E-05	0.004610087	6.45E-08	1.39E-08	0.995377299
594237	ARMENIA	Yegvard	3	0.005140906	0.012305691	0.867718463	5.63E-07	0.114834376
594238	ARMENIA	Yegvard	2	3.50E-05	0.996690267	0.000988966	0.000177583	0.002108211
594243	ARMENIA	Deprabak	3	1.71E-07	5.71E-05	0.999938914	1.27E-09	3.85E-06
594250	ARMENIA	Deprabak	5	0.001466318	0.000291619	0.425182006	1.11E-08	0.573060045
594253	ARMENIA	Deprabak	2	8.05E-05	0.934217921	0.000385572	3.70E-06	0.065312282
594255	ARMENIA	Deprabak	5	9.70E-06	0.000411185	0.000256732	7.59E-11	0.999322381
594261	ARMENIA	Deprabak	2	7.22E-09	0.980492717	0.019503162	2.18E-07	3.90E-06
594262	ARMENIA	Deprabak	3	2.05E-07	0.161891055	0.838021853	1.98E-07	8.67E-05
594265	ARMENIA	Deprabak	2	4.76E-08	0.99973778	9.74E-05	1.84E-05	0.000146383
594269	ARMENIA	Yerevan	3	1.60E-09	0.002574023	0.995191364	3.52E-12	0.002234611
594273	ARMENIA	Yerevan	5	2.42E-05	0.016376278	0.000191579	1.23E-10	0.98340794
594274	ARMENIA	Yerevan	5	1.06E-06	0.461187454	0.005169118	2.64E-09	0.533642367
594275	ARMENIA	Gavar	2	3.81E-05	0.999550591	0.000187356	4.96E-06	0.000218992
594276	ARMENIA	Gavar	5	1.15E-06	4.92E-05	0.001276587	3.22E-10	0.998673054
594277	ARMENIA	Gavar	5	0.000228098	0.001770537	0.019979167	8.57E-11	0.978022197
594278	ARMENIA	Gavar	2	6.90E-05	0.999232341	6.77E-06	0.000689093	2.83E-06
594279	ARMENIA	Gavar	5	2.88E-06	0.000374795	0.000804169	6.22E-10	0.998818155
594280	ARMENIA	Gavar	2	1.65E-06	0.999711772	1.69E-05	7.55E-07	0.000268924
594281	ARMENIA	Gavar	2	3.84E-05	0.996078225	0.002485727	1.30E-06	0.001396397
594282	ARMENIA	Gavar	2	1.74E-07	0.999950206	1.08E-05	3.22E-08	3.87E-05
594283	ARMENIA	Gavar	2	2.08E-05	0.912970466	0.073870942	1.55E-07	0.013137687
594285	KAZAKISTAN	Alga	1	0.735991408	1.76E-06	1.54E-08	0.264003368	3.45E-06
594286	KAZAKISTAN	Alga	4	0.01666612	3.97E-06	9.12E-08	0.983329817	3.79E-09
594287	KAZAKISTAN	Alga	4	0.063165584	5.04E-06	1.17E-09	0.936829018	3.57E-07
594289	KAZAKISTAN	Alga	5	0.059678643	0.017060221	0.000906651	1.16E-07	0.922354369
594291	KAZAKISTAN	Alga	4	0.012029668	2.05E-06	4.48E-10	0.987968282	1.16E-09
594292	KAZAKISTAN	Alga	4	0.37030829	0.036802397	0.001658322	0.591178108	5.29E-05
594295	KAZAKISTAN	Alga	5	0.021045926	0.000172049	0.000238409	2.88E-09	0.978543613
594296	KAZAKISTAN	Alga	1	0.998843808	0.000650165	4.39E-05	0.000171164	0.000290926
594297	KAZAKISTAN	Alga	4	0.010868565	5.17E-09	6.88E-11	0.989131421	8.64E-09
594298	KAZAKISTAN	Alga	1	0.999839601	1.19E-09	1.27E-07	0.000160217	5.37E-08
594299	KAZAKISTAN	Alga	2	0.036463472	0.961386507	0.000495887	0.001427901	0.000226233
594300	KAZAKISTAN	Alga	1	0.989485351	2.01E-06	0.010316936	1.13E-05	0.000184377
594301	KAZAKISTAN	Alga	1	0.968954207	5.33E-06	1.98E-09	0.031005818	3.46E-05
594304	KAZAKISTAN	Alga	1	0.999820772	4.27E-06	1.48E-06	1.45E-05	0.000158948
594306	KAZAKISTAN	Alga	3	7.56E-06	5.13E-07	0.999939534	1.01E-06	5.14E-05
594307	KAZAKISTAN	Alga	4	6.56E-05	8.57E-11	7.44E-11	0.999934368	1.57E-13
594310	ARMENIA	Gavar	3	5.86E-06	0.109850944	0.88726282	2.39E-10	0.002880377
594311	ARMENIA	Gavar	3	0.007106153	0.017883062	0.970571738	0.000265426	0.004173621
594312	KAZAKISTAN	Alga	3	1.57E-05	0.013173668	0.98635196	8.15E-08	0.000458593
594313	KAZAKISTAN	Alga	1	0.949921522	0.035369963	0.003061189	0.008900916	0.002746409
594324	UZBEKISTAN	Bukhara	3	0.453077336	5.80E-05	0.544499945	0.002362698	2.01E-06
594325	UZBEKISTAN	Bukhara	1	0.97741649	0.004630932	0.01779552	0.00010851	4.85E-05
594326	UZBEKISTAN	Bukhara	1	0.996301074	7.39E-05	5.58E-07	1.86E-06	0.00362263
594327	UZBEKISTAN	Bukhara	5	0.048544038	5.04E-05	9.33E-05	1.62E-09	0.951312276
594328	UZBEKISTAN	Bukhara	1	0.782472319	0.001353056	0.052810255	0.000288855	0.163075515
594329	UZBEKISTAN	Bukhara	4	4.49E-07	4.95E-06	2.53E-10	0.9999946	2.26E-11
594330	UZBEKISTAN	Bukhara	3	0.114918832	0.054174037	0.828423052	3.39E-05	0.002450203
594331	UZBEKISTAN	Bukhara	1	0.99785445	6.30E-07	1.17E-07	1.75E-05	0.002127257
594332	UZBEKISTAN	Bukhara	1	0.992403565	0.00022369	4.99E-07	1.73E-05	0.007354973
594333	UZBEKISTAN	Bukhara	1	0.996290348	1.69E-07	4.49E-10	0.003707664	1.82E-06
594334	UZBEKISTAN	Bukhara	1	0.999342076	4.06E-06	8.92E-08	1.89E-06	0.000651885
594667	UZBEKISTAN	Karshi	1	0.999208141	0.000146526	1.48E-08	0.00064428	1.04E-06
594668	UZBEKISTAN	Karshi	1	0.823934236	0.02867968	0.009073431	0.138248806	6.38E-05
594669	UZBEKISTAN	Karshi	1	0.999719136	3.55E-05	6.55E-06	4.66E-06	0.000234166
594671	UZBEKISTAN	Karshi	4	0.000597387	1.60E-05	2.85E-09	0.999386571	2.82E-10
594672	UZBEKISTAN	Karshi	4	0.000697842	1.50E-06	6.85E-10	0.999300655	2.63E-11
594674	UZBEKISTAN	Karshi	3	0.008580711	0.000248706	0.984856382	4.31E-06	0.006309887
594677	UZBEKISTAN	Karshi	3	5.45E-05	7.55E-07	0.999930378	1.06E-07	1.42E-05
594678	UZBEKISTAN	Karshi	4	0.000154486	0.000230349	3.86E-08	0.999615126	4.14E-10
594679	UZBEKISTAN	Karshi	1	0.995588909	0.001361239	2.72E-05	0.003020791	1.89E-06
594681	UZBEKISTAN	Karshi	1	0.998799978	2.45E-06	3.16E-07	0.001190716	6.54E-06
594682	UZBEKISTAN	Karshi	1	0.999871111	9.21E-05	5.74E-07	1.87E-05	1.75E-05
594683	UZBEKISTAN	Karshi	1	0.999526321	2.26E-06	2.57E-09	0.000470697	7.15E-07
594684	UZBEKISTAN	Karshi	4	0.089115579	0.051733224	0.010887839	0.848256369	6.99E-06
594685	UZBEKISTAN	Karshi	1	0.998370234	0.000122956	5.61E-06	0.001458057	4.31E-05
594689	UZBEKISTAN		4	0.004395883	4.28E-05	5.67E-09	0.995561326	2.77E-09
594690	UZBEKISTAN	Karshi	4	1.55E-05	0.000161477	3.80E-10	0.999823028	3.11E-10
594691	UZBEKISTAN	Karshi	1	0.925629124	0.05319245	0.000178713	0.001288242	0.019711471
594692	UZBEKISTAN	Karshi	1	0.999597577	5.90E-06	7.35E-08	0.000396277	1.75E-07
594696	UZBEKISTAN	Karshi	4	0.000276905	0.000223162	1.47E-09	0.999499577	3.54E-07
594698	UZBEKISTAN	Karshi	1	0.962579025	0.001760565	7.21E-06	0.035646972	6.22E-06
594701	UZBEKISTAN	Karshi	1	0.999868324	7.79E-06	1.56E-09	0.000108575	1.53E-05
594702	UZBEKISTAN	Karshi	2	0.009668814	0.979561189	0.009272529	0.001406089	9.14E-05
594703	UZBEKISTAN	Karshi	5	0.286581905	0.250774309	3.53E-05	0.001014565	0.461593919
594706	UZBEKISTAN	Karshi	4	0.337283682	0.000303224	1.42E-05	0.662396152	2.73E-06
594708	UZBEKISTAN	Karshi	4	4.58E-06	0.000105574	8.24E-12	0.999889846	5.53E-11
594711	ARMENIA	Martumi	2	1.07E-06	0.999885596	0.000100105	1.05E-05	2.74E-06
594712	ARMENIA	Martumi	2	3.17E-08	0.999356322	1.25E-06	1.01E-07	0.000642301
594715	ARMENIA	Martumi	3	2.04E-07	9.42E-05	0.999899602	2.44E-09	5.95E-06
594716	ARMENIA	Martumi	3	7.30E-06	0.002674951	0.996227757	2.60E-12	0.001089994
594718	ARMENIA	Martumi	3	4.31E-09	0.000264973	0.999733143	1.58E-11	1.88E-06
594720	ARMENIA	Martumi	2	0.159344745	0.509405991	0.000951066	0.000427931	0.329870267
594724	ARMENIA	Martumi	3	1.60E-09	3.68E-06	0.999247285	7.16E-14	0.00074903
594725	ARMENIA	Martumi	5	1.11E-05	9.25E-06	4.68E-07	3.09E-10	0.999979228
594726	ARMENIA	Martumi	5	7.82E-06	0.316720672	0.010518249	1.85E-08	0.672753238
594727	ARMENIA	Martumi	5	0.031456677	0.01977696	5.76E-07	1.64E-05	0.948749382
594730	ARMENIA	Martumi	2	7.04E-05	0.839219713	0.000117378	5.58E-08	0.160592459
594734	ARMENIA	Martumi	5	4.40E-06	0.000669985	2.85E-06	3.37E-09	0.999322757
594740	ARMENIA	Chambarak	2	1.04E-05	0.984464978	0.000150834	1.97E-09	0.015373768
594741	ARMENIA	Chambarak	2	4.50E-05	0.927233695	4.72E-06	3.48E-06	0.07271313
594744	ARMENIA	Martumi	2	1.29E-06	0.99991384	3.85E-07	8.76E-08	8.44E-05
594843	ARMENIA	Chambarak	2	4.24E-07	0.999983827	1.06E-07	5.33E-06	1.03E-05
595072	AZERBAIJAN	Ismailly	4	8.95E-05	2.95E-05	9.71E-08	0.999880897	1.54E-10
595074	AZERBAIJAN		1	0.990012599	0.008670067	0.000131225	0.001046167	0.000139942
595075	AZERBAIJAN	Ismailly	4	0.000133998	0.006666353	1.21E-07	0.993189111	1.04E-05
595076	AZERBAIJAN	Ismailly	4	0.002653683	0.00557304	6.35E-09	0.991773198	7.29E-08
595079	AZERBAIJAN	Ismailly	4	0.001460977	0.003847143	7.89E-07	0.994681605	9.49E-06
595080	AZERBAIJAN	Ismailly	2	8.54E-05	0.55553113	3.02E-06	0.444380141	2.73E-07
595081	AZERBAIJAN	Ismailly	2	0.247079638	0.69470202	9.39E-05	5.17E-05	0.058072681
595083	AZERBAIJAN	Ismailly	4	0.001414587	0.000298069	1.73E-09	0.998287093	2.49E-07
595085	AZERBAIJAN	Ismailly	2	0.068615934	0.866612699	8.23E-06	0.064751595	1.15E-05
595087	AZERBAIJAN	Ismailly	5	0.123683338	0.006006179	0.001318896	0.000241474	0.868750113
595088	AZERBAIJAN	Ismailly	4	2.30E-05	0.000351516	6.06E-11	0.999625445	2.10E-10
595091	ARMENIA	Chambarak	2	4.61E-06	0.997732213	3.30E-07	0.000112988	0.002149864
595092	ARMENIA	Chambarak	5	6.80E-05	0.026735506	0.000326241	4.77E-09	0.972870211
595093	ARMENIA	Chambarak	5	8.44E-05	0.008886781	4.83E-06	9.07E-08	0.99102391
595094	ARMENIA	Chambarak	2	5.79E-06	0.879472951	0.054164224	1.51E-08	0.066357023
595095	ARMENIA	Chambarak	2	8.12E-08	0.999997145	1.19E-07	1.35E-08	2.64E-06
595096	ARMENIA	Chambarak	2	1.56E-06	0.998944632	4.78E-06	1.09E-08	0.001049017
595098	ARMENIA	Chambarak	2	0.003322334	0.99207464	6.35E-06	1.88E-05	0.004577908
595100	ARMENIA	Chambarak	2	4.28E-07	0.998162282	9.68E-05	1.79E-08	0.001740438
595102	ARMENIA	Chambarak	5	7.33E-08	6.89E-06	9.78E-06	5.19E-12	0.999983262
595103	ARMENIA	Chambarak	2	1.66E-06	0.999823943	0.000171586	4.86E-07	2.33E-06
595104	AZERBAIJAN	Ismailly	3	0.046383731	0.301760583	0.621363054	0.001027975	0.029464657
595105	AZERBAIJAN	Ismailly	4	0.002899561	0.062257702	0.000482581	0.934346929	1.32E-05
595106	AZERBAIJAN	Ismailly	2	0.000628485	0.978859781	0.001350821	0.019126606	3.43E-05
595107	AZERBAIJAN	Ismailly	4	0.001721822	6.67E-07	1.42E-12	0.998277511	5.49E-11
595109	AZERBAIJAN		4	0.001804075	0.004122573	7.93E-09	0.994073285	6.00E-08
595110	AZERBAIJAN	Ismailly	4	0.035885709	0.196827164	3.77E-06	0.766335884	0.000947476
595111	AZERBAIJAN	Ismailly	1	0.998185982	0.000139952	6.41E-06	0.001662689	4.97E-06
595112	AZERBAIJAN	Ismailly	1	0.998366329	0.000122037	1.85E-06	0.000903338	0.000606449
595113	AZERBAIJAN	Ismailly	4	0.026997575	0.001658653	2.34E-11	0.971343529	2.43E-07
595114	AZERBAIJAN	Ismailly	1	0.660443379	0.010513729	9.13E-07	0.328778086	0.000263892
595115	AZERBAIJAN	Ismailly	4	0.001963968	0.00013818	1.13E-07	0.997895382	2.36E-06
595116	AZERBAIJAN	Ismailly	2	6.20E-05	0.758237763	0.000249673	0.241450322	2.48E-07
595117	AZERBAIJAN	Ismailly	4	0.002454694	1.51E-06	4.14E-08	0.99754309	6.65E-07
595118	AZERBAIJAN	Ismailly	4	5.66E-07	0.032276311	1.66E-10	0.967723122	1.18E-10
595119	AZERBAIJAN	Sis	2	2.36E-05	0.996151638	1.37E-06	0.003460586	0.000362776
595123	AZERBAIJAN	Sis	2	0.025836566	0.70530218	0.000516363	0.268343823	1.07E-06
595124	AZERBAIJAN	Sis	1	0.99539317	0.000432974	9.19E-05	0.001778802	0.002303183
595126	AZERBAIJAN	Sis	1	0.934459589	0.008003396	1.27E-05	0.05737221	0.000152125
595127	AZERBAIJAN	Sis	2	6.29E-05	0.99133703	0.000100587	1.95E-06	0.008497489
595129	AZERBAIJAN	Sis	1	0.970195531	0.000464268	0.000435793	0.012303411	0.016600997
595134	AZERBAIJAN	Sis	3	0.032472337	0.001816308	0.954832946	0.010868619	9.79E-06
595135	AZERBAIJAN	Sis	4	0.013612885	1.18E-07	6.79E-06	0.986380185	2.48E-08
595136	AZERBAIJAN	Sis	1	0.995160848	0.000497045	3.99E-05	0.002772978	0.001529234
595137	AZERBAIJAN	Sis	4	0.002815862	0.000855245	9.18E-09	0.996320307	8.58E-06
595138	AZERBAIJAN	Sis	2	0.001428652	0.990366344	0.000796654	0.000444668	0.006963682
595139	AZERBAIJAN	Sis	4	2.64E-05	0.000194901	1.32E-06	0.999777423	1.13E-09
595141	AZERBAIJAN	Sis	1	0.968787005	0.000158518	0.021736625	0.009283226	3.46E-05
595144	AZERBAIJAN	Sis	2	1.19E-05	0.988766904	1.64E-05	0.011201493	3.32E-06
595145	AZERBAIJAN	Sis	1	0.982519966	0.001976776	1.08E-05	0.000802079	0.014690425
595147	AZERBAIJAN	Sis	2	3.96E-05	0.832600118	2.71E-05	0.167269439	6.38E-05
595148	AZERBAIJAN	Sis	3	1.05E-05	1.90E-06	0.998953733	3.50E-12	0.001033835
595149	AZERBAIJAN	Sis	4	0.002435253	0.010338438	6.73E-06	0.987219402	1.72E-07
595152	AZERBAIJAN	Sis	4	1.48E-06	0.000765339	1.09E-08	0.999233168	2.36E-11
595153	AZERBAIJAN	Sis	4	1.15E-05	0.001302409	9.98E-10	0.998686117	2.87E-09
595154	AZERBAIJAN	Sis	4	0.004115039	0.00893279	5.72E-05	0.986874012	2.10E-05
595155	AZERBAIJAN	Sis	1	0.999771059	2.51E-07	1.46E-07	2.28E-05	0.000205735
595157	AZERBAIJAN	Sis	1	0.988852429	0.000679523	5.56E-05	0.008971356	0.001441059
595159	AZERBAIJAN	Sis	4	7.68E-07	8.15E-06	1.40E-11	0.999991087	3.28E-12
595160	AZERBAIJAN	Sis	4	2.44E-07	1.19E-05	2.38E-12	0.999987817	1.19E-10
596635	TAJIKISTAN	Shing	4	3.61E-06	5.80E-10	2.54E-12	0.999996393	1.92E-13
596636	TAJIKISTAN	Shing	4	2.44E-05	2.25E-07	1.87E-12	0.999975406	4.60E-12
596638	TAJIKISTAN	Shing	4	1.38E-05	1.03E-06	3.23E-13	0.999985172	7.44E-11
596639	TAJIKISTAN	Shing	4	1.97E-06	6.84E-09	6.73E-14	0.999998021	8.88E-15
596640	TAJIKISTAN	Shing	4	0.163126879	0.050216884	0.006658876	0.779990661	6.70E-06
596643	TAJIKISTAN	Shing	4	4.21E-06	1.90E-06	9.77E-12	0.999993887	8.83E-11
596644	TAJIKISTAN	Shing	2	0.000465849	0.997804726	9.09E-05	0.001637298	1.26E-06
596645	TAJIKISTAN	Shing	1	0.997477851	4.42E-06	2.66E-07	0.002231056	0.000286408
596647	TAJIKISTAN	Shing	4	9.21E-05	6.17E-10	2.66E-10	0.999907939	2.53E-12
596648	TAJIKISTAN	Shing	4	7.57E-09	2.90E-07	1.27E-08	0.999999689	4.23E-11
596650	TAJIKISTAN	Zeravshan	4	0.000333494	1.64E-06	5.48E-14	0.999664863	3.19E-12
596651	TAJIKISTAN	Shing	4	0.104665389	7.91E-05	1.41E-07	0.895253263	2.15E-06
596653	TAJIKISTAN	Shing	4	0.000137142	1.00E-07	4.43E-15	0.999862757	1.76E-11
596655	TAJIKISTAN	Shing	4	1.51E-07	7.97E-07	2.27E-13	0.999999051	4.02E-13
596657	TAJIKISTAN	Shing	4	1.04E-06	1.91E-05	1.79E-11	0.999979832	3.28E-10
596661	TAJIKISTAN	Shing	4	0.000119399	2.31E-07	6.73E-10	0.999880367	2.61E-09
596662	TAJIKISTAN	Zeravshan	1	0.757018605	2.31E-05	1.41E-09	0.242958222	7.39E-08
596666	TAJIKISTAN	Zeravshan	1	0.993381754	4.90E-06	2.21E-05	0.006589948	1.29E-06
596667	TAJIKISTAN	Khorog	1	0.991301231	0.001517029	4.21E-06	0.007176568	9.59E-07
596671	TAJIKISTAN	Zeravshan	4	0.001873634	0.000995579	1.61E-10	0.997130786	1.60E-09
596672	TAJIKISTAN	Zeravshan	4	9.21E-06	6.28E-07	9.04E-12	0.999990166	4.19E-12
596675	TAJIKISTAN	Zeravshan	4	0.145744161	2.68E-05	6.25E-05	0.854074917	9.17E-05
596676	TAJIKISTAN	Zeravshan	4	0.031307662	1.55E-06	1.60E-10	0.968690785	3.35E-11
596677	TAJIKISTAN	Zeravshan	4	0.047582998	5.44E-07	4.17E-11	0.952416445	1.26E-08
596680	TAJIKISTAN	Kalaikhum	4	0.001378701	5.11E-06	1.05E-09	0.998616187	1.70E-09
596681	TAJIKISTAN	Kalaikhum	4	5.95E-05	3.32E-05	2.83E-10	0.999907262	3.55E-10
596682	TAJIKISTAN	Kalaikhum	4	0.018041465	0.000517237	8.06E-09	0.981441285	4.87E-09
596683	TAJIKISTAN	Kalaikhum	4	1.36E-08	2.69E-07	8.65E-14	0.999999718	9.30E-15
596684	TAJIKISTAN	Kalaikhum	1	0.999911394	6.63E-07	6.68E-07	8.21E-05	5.19E-06
596685	TAJIKISTAN	Kalaikhum	4	0.00142133	2.01E-07	3.80E-10	0.998578432	3.71E-08
596687	TAJIKISTAN	Kalaikhum	1	0.779960359	1.15E-06	2.77E-09	0.22003842	7.23E-08
596688	TAJIKISTAN	Kalaikhum	4	0.053343062	3.70E-05	5.95E-07	0.946619313	8.52E-09
596689	TAJIKISTAN	Kalaikhum	4	0.000274894	2.55E-07	2.28E-12	0.999724851	1.57E-10
596690	TAJIKISTAN	Kalaikhum	4	0.000751455	4.67E-05	1.01E-09	0.999201837	2.16E-10
596692	TAJIKISTAN	Kalaikhum	4	1.48E-07	3.60E-07	6.96E-15	0.999999492	4.86E-14
596693	TAJIKISTAN	Kalaikhum	4	0.001187103	1.63E-07	2.96E-11	0.998812734	2.03E-10
596694	TAJIKISTAN	Kalaikhum	4	0.015370189	0.000681337	9.03E-07	0.98394718	3.91E-07
596695	TAJIKISTAN	Kalaikhum	4	0.001101518	1.20E-08	8.51E-11	0.99889847	2.12E-12
596696	TAJIKISTAN	Kalaikhum	4	9.98E-06	8.38E-08	6.83E-11	0.999989932	8.29E-12
596697	TAJIKISTAN	Kalaikhum	4	0.015060581	1.50E-05	4.74E-07	0.984904856	1.91E-05
596698	TAJIKISTAN	Kalaikhum	1	0.984304441	7.83E-05	2.16E-05	0.015573656	2.21E-05
596699	TAJIKISTAN	Kalaikhum	4	4.45E-07	2.58E-09	1.30E-15	0.999999553	3.79E-13
596700	TAJIKISTAN	Khorog	1	0.99965919	3.99E-06	0.00024509	3.24E-06	8.85E-05
596702	TAJIKISTAN	Khorog	4	1.07E-05	8.99E-05	4.36E-08	0.999899371	1.32E-10
596703	TAJIKISTAN	Khorog	4	0.143431129	0.008162958	2.28E-09	0.848399499	6.41E-06
596704	TAJIKISTAN	Khorog	3	1.68E-05	7.06E-07	0.999977558	1.97E-08	4.93E-06
596705	TAJIKISTAN	Khorog	1	0.999898432	2.94E-07	4.38E-06	3.15E-05	6.54E-05
596706	TAJIKISTAN	Khorog	4	6.86E-05	1.63E-08	6.89E-12	0.999931428	2.37E-10
596707	TAJIKISTAN	Khorog	4	0.027685685	2.24E-05	1.54E-06	0.97229038	1.69E-08
596708	TAJIKISTAN	Khorog	1	0.89229238	6.16E-05	1.90E-08	0.10756205	8.40E-05
596709	TAJIKISTAN	Khorog	4	0.004266362	2.85E-06	3.34E-09	0.995730756	2.90E-08
596710	TAJIKISTAN	Khorog	1	0.992493706	3.98E-06	2.76E-08	9.22E-06	0.007493063
596713	TAJIKISTAN	Khorog	1	0.5247444	0.008837697	2.97E-06	0.023003866	0.443411064
596714	TAJIKISTAN	Khorog	4	3.36E-07	4.96E-09	1.93E-14	0.999999659	2.60E-14
596715	TAJIKISTAN	Khorog	4	0.012785792	3.44E-07	3.71E-12	0.98721386	4.41E-09
596716	TAJIKISTAN	Khorog	4	0.114790414	0.000461848	0.000901621	0.883845851	2.66E-07
596718	TAJIKISTAN	Khorog	4	0.149179477	0.00023565	7.17E-07	0.850583714	4.42E-07
596721	TAJIKISTAN	Khorog	4	6.00E-06	3.73E-07	4.56E-11	0.999993629	2.18E-09
596722	TAJIKISTAN	Khorog	4	0.000483103	1.81E-07	1.02E-09	0.999516713	2.04E-09
596723	TAJIKISTAN	Khorog	4	0.005664506	0.00020347	1.72E-10	0.994131569	4.55E-07
596724	TAJIKISTAN	Khorog	4	0.022641132	7.64E-05	9.50E-08	0.977282301	7.68E-08
596727	TAJIKISTAN	Khorog	4	1.12E-07	1.28E-07	1.78E-11	0.99999976	1.87E-12
596728	TAJIKISTAN	Khorog	1	0.999900853	1.18E-07	2.57E-08	9.86E-05	4.35E-07
596729	TAJIKISTAN	Khorog	1	0.644944379	4.14E-06	1.37E-06	0.355047802	2.31E-06
596730	TAJIKISTAN	Khorog	4	1.12E-05	9.69E-08	1.20E-13	0.999988735	3.73E-13
596732	TAJIKISTAN	Khorog	3	1.26E-05	0.000137015	0.999844864	6.19E-10	5.50E-06
596733	TAJIKISTAN	Khorog	1	0.999919531	4.89E-07	1.67E-06	3.98E-06	7.43E-05
596735	TAJIKISTAN	Rushan	4	1.97E-05	3.10E-07	1.36E-11	0.999979974	9.49E-11
596737	TAJIKISTAN	Rushan	1	0.885724144	0.000120173	0.003101214	0.111008189	4.63E-05
596738	TAJIKISTAN	Rushan	4	1.34E-05	1.70E-08	5.08E-13	0.999986596	2.67E-13
596739	TAJIKISTAN	Rushan	4	0.00198596	0.000269996	3.61E-08	0.997743985	2.35E-08
596740	TAJIKISTAN	Rushan	4	0.041483132	0.001184341	1.90E-08	0.957332237	2.71E-07
596742	TAJIKISTAN	Rushan	4	6.80E-06	1.52E-07	8.44E-10	0.999993052	3.74E-12
596743	TAJIKISTAN	Rushan	4	0.000593625	0.000356375	1.55E-08	0.999049979	5.69E-09
596744	TAJIKISTAN	Rushan	4	1.46E-06	1.12E-08	7.51E-15	0.999998532	8.02E-14
596745	TAJIKISTAN	Rushan	4	4.57E-05	1.04E-06	9.39E-11	0.999953299	2.51E-11
596747	TAJIKISTAN	Rushan	3	0.000332922	5.52E-06	0.997892368	1.71E-07	0.001769022
596748	TAJIKISTAN	Rushan	3	8.41E-07	5.41E-05	0.999944778	2.54E-07	3.31E-08
596749	TAJIKISTAN	Rushan	4	0.042609997	0.010229352	1.44E-08	0.947106322	5.43E-05
596750	TAJIKISTAN	Rushan	4	0.054330246	0.006172422	1.05E-05	0.939486569	3.10E-07
596751	TAJIKISTAN	Rushan	1	0.991655553	0.007783957	1.62E-05	5.07E-05	0.000493592
596752	TAJIKISTAN	Rushan	2	0.00099373	0.973116737	0.000826744	0.010000693	0.015062096
596753	TAJIKISTAN	Rushan	4	0.002989005	5.72E-05	3.99E-09	0.996953619	1.49E-07
596754	TAJIKISTAN	Rushan	1	0.977405417	0.0044078	3.54E-07	0.018178282	8.15E-06
596757	UZBEKISTAN	Tashkent	4	3.85E-05	3.50E-06	6.98E-12	0.999957976	1.54E-11
596758	UZBEKISTAN	Tashkent	4	5.26E-05	8.01E-06	1.57E-13	0.99993943	2.80E-11
596759	UZBEKISTAN	Tashkent	1	0.997420791	1.86E-05	1.29E-08	0.002560212	3.39E-07
596760	UZBEKISTAN	Tashkent	1	0.997920924	1.48E-06	4.70E-07	7.70E-05	0.00200009
596763	UZBEKISTAN	Tashkent	4	0.065954428	0.001765111	3.52E-10	0.932280401	5.98E-08
596764	UZBEKISTAN	Tashkent	1	0.994599558	2.18E-05	2.90E-05	7.49E-06	0.005342199
596765	KAZAKISTAN	Almaty	4	0.009790009	2.03E-06	2.99E-09	0.990207894	6.75E-08
596769	KAZAKISTAN	Almaty	1	0.890819949	0.020943463	8.30E-07	0.079581397	0.008654361
596770	KAZAKISTAN	Almaty	2	0.021943703	0.931577695	0.00013687	0.00750501	0.038836722
596771	KAZAKISTAN	Almaty	4	1.11E-06	3.98E-05	1.59E-12	0.999959053	1.02E-10
596773	KAZAKISTAN	Almaty	5	0.055874188	0.003757011	1.62E-06	0.000195093	0.940172093
596774	KAZAKISTAN	Almaty	5	0.008497934	0.031781928	0.000697403	1.83E-06	0.959020901
596775	KAZAKISTAN	Almaty	5	0.020243075	3.38E-06	0.000250481	1.54E-07	0.979502913
596776	KAZAKISTAN	Almaty	1	0.993538738	9.06E-06	4.86E-08	2.41E-06	0.006449743
596777	KAZAKISTAN	Almaty	1	0.765519168	3.01E-05	3.40E-05	2.17E-05	0.23439513
596780	KAZAKISTAN	Almaty	1	0.954716083	0.041057435	6.92E-05	0.000297399	0.003859867
596782	KAZAKISTAN	Almaty	1	0.984384729	0.003261385	0.000396822	0.006836701	0.005120364
596783	KAZAKISTAN	Almaty	5	0.038400492	9.36E-05	4.98E-07	3.16E-08	0.961505425
596784	KAZAKISTAN	Almaty	5	0.024622807	0.000219637	1.68E-05	3.09E-08	0.975140759
596785	KAZAKISTAN	Almaty	1	0.997373381	3.16E-05	3.20E-11	0.002572652	2.24E-05
596787	KAZAKISTAN	Alga	1	0.851968366	0.000209132	3.28E-08	0.147790388	3.21E-05
596788	KAZAKISTAN	Alga	3	0.043877892	0.072990514	0.799590705	0.058847609	0.024693281
596789	KAZAKISTAN	Alga	4	0.110938437	0.00036127	2.78E-06	0.888688075	9.44E-06
596790	KAZAKISTAN	Alga	1	0.999803587	0.000143912	7.73E-07	2.74E-05	2.43E-05
596791	KAZAKISTAN	Alga	1	0.998296615	2.25E-05	0.00041539	0.00121666	4.88E-05
596792	KAZAKISTAN	Alga	1	0.999902699	2.00E-05	6.08E-05	4.30E-06	1.22E-05
596793	KAZAKISTAN	Alga	4	0.015213199	2.44E-06	1.16E-08	0.984784104	2.43E-07
596794	KAZAKISTAN	Alga	4	0.011508808	6.55E-08	9.78E-07	0.988490146	2.57E-09
596795	KAZAKISTAN	Alga	4	0.000124548	1.68E-05	2.20E-05	0.999836497	1.03E-07
596796	KAZAKISTAN	Almaty	4	9.96E-06	4.38E-06	1.36E-09	0.999985654	3.27E-11
596800	KAZAKISTAN	Almaty	1	0.995099937	2.24E-06	3.58E-07	0.004896277	1.19E-06
596801	KAZAKISTAN	Almaty	4	0.00066027	6.09E-05	4.01E-08	0.99927882	8.12E-09
596803	KAZAKISTAN	Almaty	1	0.98568994	0.000207106	0.00022851	0.013867478	6.97E-06
596804	KAZAKISTAN	Almaty	2	0.001240589	0.997376262	3.20E-05	0.001336676	1.44E-05
596812	UZBEKISTAN	Tashkent	4	0.000155422	5.35E-05	2.09E-09	0.999791079	2.93E-09
596814	UZBEKISTAN	Tashkent	2	6.84E-05	0.992936691	1.57E-07	0.006975248	1.95E-05
596817	UZBEKISTAN	Tashkent	4	0.000321631	1.44E-06	1.99E-11	0.999676922	5.93E-09
596818	UZBEKISTAN	Tashkent	4	0.001115931	0.000559211	3.71E-10	0.998324846	1.22E-08
596819	UZBEKISTAN	Tashkent	4	0.001201603	1.60E-05	8.53E-10	0.998782409	1.97E-08
596820	UZBEKISTAN	Tashkent	4	0.20733737	0.001334383	7.32E-07	0.789275021	0.002052494
596821	UZBEKISTAN	Tashkent	1	0.993192961	5.08E-05	4.72E-10	0.006755684	5.62E-07
596822	UZBEKISTAN	Tashkent	4	0.000452887	1.31E-07	2.07E-12	0.999546982	2.90E-12
596824	UZBEKISTAN	Tashkent	4	0.004718672	2.38E-06	2.34E-10	0.995278949	2.37E-09
596825	UZBEKISTAN	Tashkent	1	0.9795529	4.01E-06	4.12E-11	0.020442815	2.70E-07
596826	UZBEKISTAN	Tashkent	1	0.996655426	1.41E-06	4.15E-09	0.003342892	2.65E-07
596829	UZBEKISTAN	Tashkent	4	0.000997346	1.60E-07	8.52E-12	0.999002494	1.69E-10
596830	UZBEKISTAN	Tashkent	4	1.61E-06	1.16E-08	3.63E-14	0.999998374	6.28E-14
596832	UZBEKISTAN	Karshi	1	0.932871853	1.21E-05	3.81E-06	0.067048721	6.35E-05
605405	GEORGIA	Kakheti	3	5.81E-08	7.43E-05	0.999922147	1.79E-06	1.68E-06
605406	GEORGIA	Kakheti	2	3.44E-07	0.999563385	0.000251216	0.000182256	2.80E-06
605407	GEORGIA	Kakheti	2	3.57E-09	0.997066135	0.002903703	1.36E-08	3.01E-05
605408	GEORGIA	Kakheti	5	0.02848043	0.047537029	0.001998584	5.14E-06	0.92197882
605411	GEORGIA	Kakheti	5	0.000563499	0.000853798	2.71E-07	4.52E-05	0.998537236
605412	GEORGIA	Kakheti	3	1.19E-09	1.81E-07	0.999999772	1.92E-12	4.57E-08
605413	GEORGIA	Kakheti	3	3.49E-06	0.003276273	0.976339545	6.48E-10	0.020380691
605414	GEORGIA	Kakheti	2	0.015354325	0.975804414	0.007686918	0.000630316	0.000524027
605415	GEORGIA	Kakheti	2	0.010934442	0.979441858	5.39E-05	0.000599059	0.008970754
605416	GEORGIA	Kakheti	5	0.00020234	0.001432229	0.00862892	8.28E-08	0.989736428
605418	GEORGIA	Kakheti	3	3.26E-06	0.133851622	0.853942205	6.83E-09	0.012202902
605419	GEORGIA	Kakheti	5	2.13E-06	0.000422451	0.000535709	2.69E-11	0.999039706
605422	GEORGIA	Kakheti	5	1.91E-07	0.007738927	0.000714529	7.38E-12	0.991546353
605424	GEORGIA	Kakheti	2	0.008739142	0.961410106	0.001333534	3.78E-05	0.028479423
605425	GEORGIA	Kakheti	5	0.000243092	1.06E-06	8.73E-07	4.57E-11	0.999754975
605426	GEORGIA	Kakheti	5	0.086063991	0.000677396	0.001562122	3.47E-05	0.911661787
605427	GEORGIA	Kakheti	5	0.007494791	9.81E-05	1.48E-06	9.32E-07	0.992404672
605428	GEORGIA	Kakheti	5	0.002258414	4.60E-05	3.27E-07	3.07E-08	0.997695248
605429	GEORGIA	Kakheti	5	4.62E-05	0.000411511	1.91E-06	3.04E-09	0.999540326
605430	GEORGIA	Kakheti	5	8.62E-05	0.026217338	1.81E-05	1.94E-07	0.973678191
605432	GEORGIA	Kakheti	5	0.000285657	3.51E-06	8.43E-06	2.18E-11	0.999702402
605433	GEORGIA	Kakheti	2	0.000157622	0.999578354	3.50E-05	5.31E-05	0.000175906
605440	GEORGIA	Kakheti	5	6.81E-06	7.52E-06	8.51E-09	5.74E-10	0.999985665
605442	GEORGIA	Kakheti	2	7.80E-05	0.879757895	0.11998209	3.60E-06	0.000178371
605443	GEORGIA	Kakheti	3	9.04E-05	0.001092487	0.994873746	2.14E-10	0.003943344
605444	GEORGIA	Kakheti	5	3.04E-05	0.009830632	6.92E-05	1.36E-10	0.990069817
605445	GEORGIA	Kakheti	5	3.92E-07	1.30E-05	0.004207917	1.25E-13	0.995778718
605446	GEORGIA	Mtskheta_Mtianeti	5	0.000264461	0.000282575	0.000375746	7.77E-08	0.99907714
605447	GEORGIA	Kakheti	2	1.23E-05	0.997995396	0.000404763	8.90E-08	0.001587485
605448	GEORGIA	Kakheti	2	6.11E-05	0.982986378	0.012482996	1.84E-07	0.00446931
605449	GEORGIA	Kakheti	3	0.000400141	0.05189189	0.937831699	6.76E-07	0.009875595
605450	GEORGIA	Kakheti	5	1.81E-07	0.000345573	0.040970151	3.47E-10	0.958684095
605451	GEORGIA	Kakheti	3	1.29E-07	5.27E-05	0.999672243	1.37E-11	0.000274951
605453	GEORGIA	Kakheti	2	7.04E-05	0.999562306	8.69E-05	0.000253799	2.66E-05
605454	GEORGIA	Kakheti	3	5.82E-08	0.004841579	0.995155563	8.30E-09	2.79E-06
605455	GEORGIA	Kakheti	3	2.14E-08	0.000121456	0.999878493	1.58E-08	1.33E-08
605456	GEORGIA	Kakheti	3	0.000828554	5.07E-05	0.998950082	6.11E-08	0.000170627
605457	GEORGIA	Kakheti	2	0.000510468	0.998082898	0.001111617	0.000283823	1.12E-05
605458	GEORGIA	Mtskheta_Mtianeti	3	5.59E-05	1.87E-06	0.999505701	1.59E-10	0.000436524
605459	GEORGIA	Mtskheta_Mtianeti	5	0.001448493	0.161545314	0.001390479	2.43E-06	0.835613282
605461	ARMENIA	Chambarak	5	7.78E-06	2.57E-05	3.44E-06	3.65E-11	0.999963092
605464	ARMENIA	Chambarak	5	2.57E-08	2.39E-07	4.00E-07	3.53E-16	0.999999335
605665	ARMENIA	Yerevan	2	5.36E-07	0.992303482	0.002120086	0.00557587	2.57E-08
605666	ARMENIA	Yerevan	2	5.40E-06	0.999926181	6.68E-05	5.67E-07	1.04E-06
605667	ARMENIA	Yerevan	2	0.031281375	0.968427793	2.23E-05	0.000222756	4.58E-05
605668	ARMENIA	Yerevan	5	7.65E-05	0.008860759	2.25E-05	3.59E-08	0.991040131
605670	ARMENIA	Yerevan	5	0.003187173	0.000311751	0.00606077	1.98E-08	0.990440285
605671	ARMENIA	Yerevan	2	4.72E-05	0.993666871	0.000551684	0.005734174	4.76E-08
605681	GEORGIA	Kakheti	5	0.00077262	0.145990409	0.00437645	1.55E-06	0.848858971
605682	GEORGIA	Kakheti	3	3.10E-07	2.96E-05	0.998156471	6.99E-11	0.001813658
605683	GEORGIA	Kakheti	3	3.88E-11	2.93E-07	0.999998124	1.66E-14	1.58E-06
605686	GEORGIA	Mtskheta_Mtianeti	2	1.63E-05	0.998922672	1.50E-05	6.93E-05	0.000976671
605687	GEORGIA	Mtskheta_Mtianeti	5	4.52E-08	0.000160382	0.014718232	2.10E-12	0.985121341
605688	GEORGIA	Mtskheta_Mtianeti	5	0.182780687	8.12E-05	5.98E-07	7.01E-08	0.817137397
605689	GEORGIA	Mtskheta_Mtianeti	3	1.74E-07	0.003729815	0.99624786	1.33E-08	2.21E-05
605690	GEORGIA	Mtskheta_Mtianeti	5	1.35E-05	2.89E-06	2.08E-06	1.19E-08	0.999981483
605694	GEORGIA	Mtskheta_Mtianeti	4	1.31E-05	0.026520529	8.59E-06	0.973457788	3.84E-10
605697	GEORGIA	Mtskheta_Mtianeti	3	1.34E-05	0.008872423	0.990202994	6.88E-10	0.000911188
605698	GEORGIA	Mtskheta_Mtianeti	2	6.97E-07	0.999850452	1.00E-05	7.46E-05	6.43E-05
605699	GEORGIA	Mtskheta_Mtianeti	3	4.84E-07	1.91E-06	0.999150263	1.81E-10	0.000847347
605701	GEORGIA	Mtskheta_Mtianeti	2	5.42E-05	0.973774376	0.000199437	4.34E-07	0.025971572
662724	ARMENIA		3	0.000398663	0.006394689	0.638382929	1.05E-06	0.354822671
