country	id	cl	X1	X2	X3	X4	X5	X6	village	village_name
UZBEKISTAN	590597	3	7.28763366730485e-06	1.091847289271e-07	0.998276954838919	3.00358033736988e-08	0.00066457074633728	0.0010510475605436	UZBEKISTAN0	Karshi
UZBEKISTAN	591286	3	2.1409059870363e-05	2.8056813478145e-06	0.997432035772196	4.6872226254321e-09	2.11078238212644e-05	0.0025226369755421	UZBEKISTAN1	Bukhara
UZBEKISTAN	591287	3	0.0160212490369706	1.3306452136307e-06	0.983900174052282	4.97037489657184e-07	1.16205440946751e-06	7.55871736344e-05	UZBEKISTAN1	Bukhara
UZBEKISTAN	591288	3	4.64536774986286e-05	2.307446233021e-07	0.999952617339615	4.449311593422e-10	1.7290193287775e-07	5.248913995e-07	UZBEKISTAN1	Bukhara
UZBEKISTAN	591289	2	0.000961560887039731	0.985171950447172	0.00267837026108875	1.3559049857036e-06	0.000202434640842233	0.0109843278588712	UZBEKISTAN1	Bukhara
UZBEKISTAN	591290	3	1.28703030489731e-05	3.5603787381014e-06	0.999955406882021	1.2783293193106e-09	1.65839432675603e-05	1.15772145954e-05	UZBEKISTAN1	Bukhara
UZBEKISTAN	591291	3	2.79726878935006e-05	3.862008495795e-07	0.999965088650951	7.1144082092827e-09	2.7020312174294e-06	3.8433146798e-06	UZBEKISTAN1	Bukhara
UZBEKISTAN	591292	3	0.000771391244904144	1.14559836197634e-05	0.998880334298655	2.59099646188946e-08	2.97340652730494e-05	0.0003070584975838	UZBEKISTAN1	Bukhara
UZBEKISTAN	591293	3	0.000727442793124768	8.11375735890048e-05	0.998773498460087	1.08597753637934e-07	0.000416973813846384	8.387615998e-07	UZBEKISTAN1	Bukhara
UZBEKISTAN	591295	3	0.00523788220928704	3.6918709829064e-06	0.994711860513255	7.813107181171e-10	6.6892349245816e-07	4.58957016716e-05	UZBEKISTAN1	Bukhara
UZBEKISTAN	591297	6	0.156767753196411	4.8939466730516e-06	0.00350673057542779	1.2591806039268e-09	8.73347587931185e-06	0.839711887546428	UZBEKISTAN1	Bukhara
UZBEKISTAN	591298	3	2.04253664288293e-07	0.00221840679200562	0.985411930477749	3.92235750152759e-06	0.0102439101311896	0.0021216259878898	UZBEKISTAN1	Bukhara
UZBEKISTAN	591299	6	0.0278456977259609	1.20012107550275e-05	0.0138304135274588	1.5207183405022e-09	4.95344092750767e-05	0.958262351605832	UZBEKISTAN1	Bukhara
UZBEKISTAN	591300	3	4.75550711894321e-05	1.0685464320679e-06	0.999698561598613	1.6530531985395e-09	0.000248123946736694	4.6891839755e-06	UZBEKISTAN1	Bukhara
UZBEKISTAN	591303	4	5.213063889115e-11	0.000301788289565822	0.000117541732166932	0.998621170858013	0.000948612561692802	1.08865064307e-05	UZBEKISTAN1	Bukhara
UZBEKISTAN	591304	4	4.155308535153e-10	6.5204647158206e-06	4.019027967299e-07	0.99961433762927	0.000378696737607046	4.28500795e-08	UZBEKISTAN1	Bukhara
UZBEKISTAN	591305	3	0.00255971385484769	0.000932814347037077	0.995743153926304	7.7767728777638e-09	0.000762774048624347	1.5360464137e-06	UZBEKISTAN1	Bukhara
UZBEKISTAN	591307	3	0.00022259504711665	7.714399783122e-07	0.999768570974499	6.5488177975458e-09	4.43570651687942e-06	3.6202830711e-06	UZBEKISTAN1	Bukhara
UZBEKISTAN	591308	3	0.000339648236584939	0.000745108946132	0.998876537613622	4.515233491563e-08	1.3953787912234e-05	2.47062634143e-05	UZBEKISTAN1	Bukhara
UZBEKISTAN	591310	1	0.999820151055395	1.0146728202211e-06	0.00012787336014786	5.304349834823e-10	4.4982300883e-10	5.09599313784e-05	UZBEKISTAN1	Bukhara
UZBEKISTAN	591311	2	0.00950281926182199	0.880890220413111	0.102601051910266	0.00496960697294373	0.000216285372958933	0.0018200160688989	UZBEKISTAN1	Bukhara
UZBEKISTAN	591312	1	0.975910919310278	2.98831041097e-08	0.0159351255955676	1.6316528232797e-09	2.94002700070529e-06	0.0081509835523966	UZBEKISTAN1	Bukhara
UZBEKISTAN	591314	3	1.11838307875477e-05	2.27842766910593e-05	0.997534779740152	2.98462703760175e-08	0.0024263867397411	4.835566358e-06	UZBEKISTAN1	Bukhara
UZBEKISTAN	591316	4	2.710556508681e-11	3.00439261682e-08	3.467164169e-10	0.999999576897808	2.7105042479e-09	3.899739389e-07	UZBEKISTAN1	Bukhara
UZBEKISTAN	591317	5	8.46867908762054e-07	1.63931114895071e-05	0.0404201207065812	2.22551812641372e-05	0.958641455130637	0.000898929002119	UZBEKISTAN1	Bukhara
ARMENIA	591319	5	3.55187872848971e-08	0.000746870546525996	0.0435130107648594	8.57138796917513e-06	0.955726563471833	4.9483100256e-06	ARMENIA0	Chambarak
ARMENIA	591320	2	9.57204825399878e-06	0.995557230066352	0.00277616997722918	7.29006985119744e-06	0.0015883199866586	6.14178516553e-05	ARMENIA0	Chambarak
ARMENIA	591321	6	0.00489122668708771	0.000822513260404932	0.0396714173750298	6.61735753623532e-06	0.000174206093581678	0.95443401922636	ARMENIA0	Chambarak
ARMENIA	591322	2	2.32517098579904e-07	0.593233327242083	0.00022097270356983	7.39694254019918e-06	0.406532008317843	6.0622768658e-06	ARMENIA0	Chambarak
ARMENIA	591323	2	8.44666248431638e-05	0.586187812147261	0.00315781215024337	0.000372977506380338	0.381389045640117	0.0288078859311552	ARMENIA0	Chambarak
ARMENIA	591325	2	2.93948587907795e-06	0.997547503428286	9.2589153471664e-05	0.000211253204823465	0.0011850877915481	0.0009606269359912	ARMENIA0	Chambarak
ARMENIA	591327	5	2.80506907007637e-07	0.00111409628698279	0.000411740296145134	2.50036535753237e-05	0.998343034137204	0.0001058451191859	ARMENIA0	Chambarak
ARMENIA	591328	2	3.05344099663803e-08	0.95272577952326	6.457108359899e-06	1.08612309850919e-06	0.0458536052976979	0.0014130414131732	ARMENIA0	Chambarak
ARMENIA	591329	4	2.59366013053863e-08	0.206896000603753	6.40001858637546e-05	0.792077156987958	3.28841148567641e-05	0.0009299321709668	ARMENIA0	Chambarak
ARMENIA	591333	4	9.252511451484e-11	5.6822591789e-09	5.6526029e-11	0.999999537826844	1.56384134019e-08	4.407034328e-07	ARMENIA0	Chambarak
ARMENIA	591334	4	1.895255381e-14	5.30746610841348e-05	2.174174e-11	0.999945084559717	1.7708024212529e-06	6.99550169e-08	ARMENIA0	Chambarak
ARMENIA	591335	2	4.5925239153658e-10	0.999919009371115	8.230791777842e-07	6.95839861119013e-06	1.10472819120807e-05	6.2161409932e-05	ARMENIA0	Chambarak
ARMENIA	591336	5	4.82506056058984e-09	1.60966801548401e-05	0.00261643420840437	1.56397310482511e-05	0.997337858700938	1.39658543938e-05	ARMENIA0	Chambarak
ARMENIA	591337	4	3.46135254187501e-09	0.00162363697038536	6.7812047166778e-06	0.98468607675523	0.0136833199342765	1.816740396e-07	ARMENIA0	Chambarak
ARMENIA	591413	2	4.0907050767964e-05	0.999851221437357	3.69615485173964e-05	9.69031212089e-10	7.99512401527819e-06	6.29138703106e-05	ARMENIA0	Chambarak
UZBEKISTAN	591415	1	0.999741566974207	1.3954317628021e-06	2.81213318044096e-05	2.947674701462e-10	1.47478749115e-09	0.0002289144926703	UZBEKISTAN0	Karshi
UZBEKISTAN	591418	3	5.87790368629877e-07	5.6587183517361e-06	0.579977473054279	1.69050082476046e-08	0.420016195949507	6.75824849e-08	UZBEKISTAN1	Bukhara
UZBEKISTAN	591419	3	2.84978242087059e-05	7.471501747119e-06	0.999953329091244	6.41387777284979e-07	8.64036574498658e-06	1.4198292781e-06	UZBEKISTAN1	Bukhara
GEORGIA	591421	4	4.8741912e-16	5.98228300571e-07	4.040461e-13	0.99999930712412	9.364093593174e-08	1.0062395e-09	GEORGIA0	Imereti
GEORGIA	591422	4	1.759454211026e-11	0.000385221130124556	1.2419683433883e-05	0.637822614379049	0.360124972197119	0.001654772592679	GEORGIA0	Imereti
GEORGIA	591423	4	1.3350675451e-13	4.23466980510611e-05	6.8136570742e-08	0.995894216127876	0.00406335945085524	9.5865129e-09	GEORGIA0	Imereti
GEORGIA	591429	5	7.92747346129612e-08	4.371573421507e-06	0.000155894049703116	0.000570921383377001	0.999259968651406	8.7650673582e-06	GEORGIA0	Imereti
GEORGIA	591430	5	2.81315411878369e-08	0.00324649698979971	0.000152823432034187	0.00238216960747326	0.994216336796545	2.1450426064e-06	GEORGIA0	Imereti
GEORGIA	591431	4	1.0846950403e-13	1.05051559096316e-05	6.81491822e-10	0.999974160717629	1.4199599420055e-07	1.51914488663e-05	GEORGIA0	Imereti
GEORGIA	591433	2	1.742148697867e-05	0.87808326520164	0.000243606335697264	0.1091481397396	0.00372199447918707	0.0087855727568968	GEORGIA0	Imereti
GEORGIA	591434	2	9.77591301858278e-07	0.999188432148297	7.8675780896082e-06	8.78014868276109e-05	8.13936022349468e-06	0.0007067818352608	GEORGIA0	Imereti
GEORGIA	591435	6	3.45803128973566e-05	0.000307168881231627	0.00436279073375787	1.26943917291349e-06	0.000319106359979875	0.99497508427296	GEORGIA0	Imereti
GEORGIA	591436	4	1.367715e-17	1.0285866664878e-06	6.9500522e-12	0.999986344789763	1.2624286005843e-05	2.330615e-09	GEORGIA0	Imereti
GEORGIA	591437	2	3.92911750835e-11	0.997520679964326	4.1644156196e-09	0.0023403468491001	0.000138755583490234	2.133993761e-07	GEORGIA0	Imereti
GEORGIA	591438	2	5.9460540254218e-10	0.993931117254637	1.027681991051e-07	0.00605550167448657	8.98717816741588e-06	4.2905299048e-06	GEORGIA0	Imereti
GEORGIA	591439	4	6.44930391365e-12	1.5586736867738e-06	1.458815217728e-07	0.993064164773555	0.006934097157308	3.35074795e-08	GEORGIA0	Imereti
GEORGIA	591440	5	1.97812165675273e-07	0.000405568690426129	0.0194081551376497	3.44620530454913e-06	0.977752936591451	0.002429695563003	GEORGIA0	Imereti
GEORGIA	591442	2	9.12888905346489e-08	0.99789848019351	0.00129350212926967	6.44720428608519e-06	0.000794054006080942	7.4251779622e-06	GEORGIA0	Imereti
GEORGIA	591443	5	2.668764690374e-11	8.4552566014261e-06	0.0001306771564014	0.000678903421079472	0.999181808141157	1.559980728e-07	GEORGIA0	Imereti
GEORGIA	591444	5	6.00393644610585e-09	0.000100657855546198	1.61592418644872e-05	0.00960631628365745	0.989988192322951	0.0002886682920443	GEORGIA0	Imereti
GEORGIA	591445	2	1.14149869083019e-06	0.987262172932888	1.41635727560904e-05	0.000533136249630381	0.00032656131491731	0.0118628244311171	GEORGIA0	Imereti
GEORGIA	591446	2	1.2985645568548e-10	0.698599395333972	0.012427994336039	2.72159870722065e-05	0.288943647468934	1.7467441265e-06	GEORGIA0	Imereti
GEORGIA	591447	5	2.38802156418173e-08	0.00010460639124391	0.00014015776177323	0.00163861976596434	0.995211543802721	0.002905048398082	GEORGIA0	Imereti
GEORGIA	591449	6	3.35462973958627e-06	0.0993561084236877	4.01091977617992e-05	0.0153504503862656	0.0153657765816625	0.869884200780883	GEORGIA0	Imereti
GEORGIA	591450	5	3.1816811726e-13	3.69080022122e-08	2.5476072487143e-06	5.07190809332932e-07	0.999996905903878	2.3897432e-09	GEORGIA0	Imereti
GEORGIA	591451	5	1.73122376258607e-09	2.76390304853275e-05	4.41219789323111e-05	1.62592363759298e-06	0.999926234389072	3.769466489e-07	GEORGIA0	Imereti
GEORGIA	591453	5	9.1641937386e-13	6.24448771868149e-05	1.82793331383e-08	7.10273511813552e-06	0.999930238052167	1.960552791e-07	GEORGIA0	Imereti
AZERBAIJAN	591454	3	0.000140160306145935	0.000419782638070014	0.81676870422875	6.53509257768105e-08	0.000865046055675589	0.181806241420433	AZERBAIJAN0	Sis
AZERBAIJAN	591455	3	0.0473174764164836	0.000577703054846457	0.909435223096499	1.03831831619224e-05	0.00958456362971635	0.0330746506192927	AZERBAIJAN0	Sis
ARMENIA	591457	5	9.371899223138e-11	0.00401317500072362	0.00034894164658115	1.53573058647343e-08	0.99563781624168	5.16599908e-08	ARMENIA0	Chambarak
AZERBAIJAN	591458	3	0.0317914469235297	0.0123103590095789	0.481221993006241	2.70701059553999e-06	0.437691618346902	0.0369818757031533	AZERBAIJAN0	Sis
GEORGIA	591460	5	2.349797646541e-11	0.00103534576412575	4.1943249647999e-05	0.000741404032651912	0.998180554558612	7.523714641e-07	GEORGIA0	Imereti
GEORGIA	591461	2	6.46059412843e-12	0.900982739791375	1.15607078422636e-05	0.0957895899591802	0.000475867913378257	0.0027402416217639	GEORGIA0	Imereti
GEORGIA	591462	5	2.09022007166342e-08	0.044985244532372	1.74077360457552e-05	0.0312431495183207	0.923695746105478	5.84312055825e-05	GEORGIA0	Imereti
GEORGIA	591463	5	2.89463967974341e-09	2.73811121786447e-05	8.78017239284011e-05	2.26712301322565e-07	0.999884528083137	5.94738144e-08	GEORGIA0	Imereti
GEORGIA	591464	5	8.64446778882463e-09	8.8180303992452e-05	0.0252760032115132	1.84885758546212e-05	0.974617287044856	3.22193156e-08	GEORGIA0	Imereti
GEORGIA	591465	5	5.9904385430509e-10	2.36335314754424e-05	6.8729379963e-08	4.0284514029057e-07	0.999975126111744	7.68183216e-07	GEORGIA0	Imereti
GEORGIA	591467	2	1.790396007422e-11	0.999709117242604	9.779476578477e-07	4.76515776395333e-05	6.79046752554305e-06	0.0002354627466693	GEORGIA0	Imereti
GEORGIA	591468	2	6.457317659672e-11	0.997851364138201	1.062170394181e-06	0.000676197874162446	0.00147067913406219	6.966186065e-07	GEORGIA0	Imereti
GEORGIA	591469	5	8.02858502115974e-06	0.0126702912604685	0.0423198173833215	2.1212762560981e-07	0.939588765559785	0.0054128850837785	GEORGIA0	Imereti
GEORGIA	591470	5	3.43652769991357e-05	0.00776062175730197	4.37955881332484e-05	0.000168349319256044	0.767514019102483	0.224478848955827	GEORGIA0	Imereti
GEORGIA	591472	5	1.924305575696e-10	9.7361137424941e-05	2.19295768715578e-05	1.04455762106418e-05	0.999870145870227	1.176468348e-07	GEORGIA0	Imereti
GEORGIA	591473	2	2.76858535668585e-08	0.989205615501993	1.0213467176881e-05	7.32727803712479e-08	0.0106303255046496	0.0001537445675465	GEORGIA0	Imereti
GEORGIA	591475	4	1.19882554366e-12	0.00127082831351685	1.353523220076e-07	0.990900562291128	0.00782846409285225	9.9489825e-09	GEORGIA0	Imereti
GEORGIA	591477	2	2.27606459524769e-05	0.982029088109052	3.7658633601766e-06	3.6258069581505e-06	8.97295630346332e-06	0.017931786618374	GEORGIA0	Imereti
GEORGIA	591479	2	1.68500638998046e-08	0.9394570491265	1.612128016621e-07	7.26499878308488e-05	6.13888770379567e-06	0.0604639839351	GEORGIA0	Imereti
GEORGIA	591480	2	3.02078650818e-11	0.999336346976583	3.2438741464732e-06	2.59905866754509e-08	0.000647806252083177	1.2576876393e-05	GEORGIA0	Imereti
GEORGIA	591481	3	0.00495469800468431	0.0235379505825925	0.965267533755636	7.84149105936855e-05	0.0015112463006278	0.0046501564458654	GEORGIA0	Imereti
GEORGIA	591482	5	2.68533428691768e-09	0.00175893012648037	0.000144504716826009	5.24990860880014e-05	0.998037319685054	6.7437002171e-06	GEORGIA0	Imereti
GEORGIA	591483	2	1.0693808071e-13	0.997828791504825	4.5855739703047e-06	0.00032296362393799	0.00184361378731775	4.55098419e-08	GEORGIA0	Imereti
GEORGIA	591486	2	4.2495011544007e-10	0.999932714895249	7.99241866364e-08	1.8688638563478e-05	4.37878986397983e-05	4.7282184105e-06	GEORGIA0	Imereti
GEORGIA	591487	2	1.07455245936e-08	0.950530445313041	4.81956239052626e-05	9.83177566229361e-06	0.0493936790235112	1.78375183556e-05	GEORGIA0	Imereti
GEORGIA	591488	2	4.49904986176611e-07	0.956946464007043	0.00023826551672158	0.0423716331573542	0.000348776356132343	9.44110577626e-05	GEORGIA0	Imereti
GEORGIA	591490	2	1.21708303307916e-09	0.99999681213221	4.15871460302e-08	1.57164558024998e-08	8.3497832980503e-07	2.294368775e-06	GEORGIA0	Imereti
GEORGIA	591494	2	5.40253821419032e-09	0.99517969553925	1.0879534743835e-06	0.00227625961424486	0.00221804846275088	0.0003249030277412	GEORGIA0	Imereti
GEORGIA	591495	5	3.614516612346e-11	0.000233735067562493	2.5971846469692e-06	0.0442780187301978	0.955484926951388	7.220300593e-07	GEORGIA0	Imereti
GEORGIA	591496	5	5.011428034141e-11	4.10633416635687e-05	3.55167462583811e-05	0.000192741590964189	0.999730655492153	2.2778847e-08	GEORGIA0	Imereti
GEORGIA	591497	5	4.98966727128825e-09	0.000448258906269489	0.00018258992296839	0.000155813315189188	0.999212296241721	1.0366241846e-06	GEORGIA0	Imereti
GEORGIA	591498	2	4.24852558023009e-08	0.999938019743077	9.2979147899265e-06	4.422813601762e-06	8.40632536899126e-06	3.98107179064e-05	GEORGIA0	Imereti
GEORGIA	591499	2	1.196045501526e-10	0.999999120581744	6.9781197652e-09	3.59609778808995e-08	1.6935564623772e-07	6.670039081e-07	GEORGIA0	Imereti
GEORGIA	591501	2	4.12308363917831e-09	0.999914535513238	6.6405008335214e-06	2.23864055065613e-05	5.50996062140236e-05	1.333851124e-06	GEORGIA0	Imereti
GEORGIA	591502	2	4.50763522562876e-05	0.93660371508076	0.0330386341327574	1.11405012142702e-06	0.0287548718104604	0.0015565885736443	GEORGIA0	Imereti
GEORGIA	591503	5	8.09340896229514e-05	0.00768167779273282	0.0581786760735209	3.55484433899047e-05	0.931741006136998	0.0022821574637355	GEORGIA0	Imereti
GEORGIA	591504	2	4.6195671555757e-09	0.748999670467312	1.7867118024258e-05	0.0044819538708702	0.246114991652102	0.0003855122721234	GEORGIA0	Imereti
GEORGIA	591505	2	1.9195255086741e-09	0.556195372754864	9.1324586099867e-05	1.65077308929974e-05	0.443065516848359	0.0006312761602584	GEORGIA0	Imereti
GEORGIA	591507	5	5.28373026957039e-07	0.00572696356569162	0.00674902058607245	5.7872807256446e-09	0.98751627813905	7.2035488781e-06	GEORGIA0	Imereti
GEORGIA	591508	2	6.19367942130173e-08	0.999949013439202	1.3677070215834e-06	1.00656843112637e-07	1.09159766794354e-05	3.85402834597e-05	GEORGIA0	Imereti
GEORGIA	591509	2	1.60121211471438e-09	0.99520030637496	3.0947936509064e-06	0.000338673833849508	0.00445737342753795	5.499687898e-07	GEORGIA0	Imereti
ARMENIA	594206	2	8.21790278294e-11	0.998964691443918	2.753029744825e-07	2.95164966800025e-07	0.000991006769402042	4.37312365602e-05	ARMENIA1	Gavar
ARMENIA	594207	5	2.00717983453305e-08	0.0026290629926438	0.000793653035890848	6.3256740556449e-07	0.996469415417977	0.0001072159142841	ARMENIA1	Gavar
ARMENIA	594210	5	2.03947011693689e-08	0.0262118229986723	4.60019295061117e-05	0.000283896466104194	0.973423938317933	3.43198930836e-05	ARMENIA1	Gavar
ARMENIA	594213	5	1.78195603756896e-08	0.0274801313265051	0.00101292328687876	6.11714944832521e-06	0.97149802760079	2.7828168178e-06	ARMENIA2	Yegvard
ARMENIA	594216	2	4.3823646401054e-05	0.633464160979648	0.00131683282355797	2.3601051695041e-05	0.337952739121498	0.0271988423771996	ARMENIA2	Yegvard
ARMENIA	594217	5	2.5852434926593e-10	0.00153752110511088	6.40574000160906e-05	4.6677868107433e-07	0.998395760658316	2.1937993515e-06	ARMENIA2	Yegvard
ARMENIA	594218	2	1.06915034767344e-08	0.999074946855292	9.2592866553905e-06	2.74140441151359e-05	5.70705784496476e-05	0.0008312985439844	ARMENIA2	Yegvard
ARMENIA	594219	3	1.76035711294374e-05	1.1968380499081e-06	0.998230127702749	2.83125059918859e-07	0.0017402840431967	1.05047198154e-05	ARMENIA2	Yegvard
ARMENIA	594221	2	8.92502564099511e-08	0.99983938494299	5.060293276495e-05	4.76462098369137e-06	7.23695553992879e-05	3.27886976061e-05	ARMENIA2	Yegvard
ARMENIA	594222	2	4.43957701347738e-06	0.9416137610985	0.000422658055842721	1.12301258708893e-06	0.00257664701043235	0.0553813712456247	ARMENIA2	Yegvard
ARMENIA	594223	5	4.2361961356e-13	0.000108082224353278	1.640143133556e-07	1.47911465101673e-05	0.999876958865008	3.7493916e-09	ARMENIA2	Yegvard
ARMENIA	594225	2	5.03148518438002e-07	0.950050941474951	0.000699945818350308	2.22733590634331e-06	0.0228063317753552	0.0264400504469186	ARMENIA2	Yegvard
ARMENIA	594226	5	6.76124420697585e-09	0.000161874294806448	0.00178076035508316	1.30758192561117e-06	0.998052371081129	3.6799258118e-06	ARMENIA2	Yegvard
ARMENIA	594227	5	5.6285243107106e-09	0.00463505469952317	0.000206522941312707	0.00045864453011761	0.994697125079498	2.6471210247e-06	ARMENIA2	Yegvard
ARMENIA	594228	2	1.52694847240637e-05	0.999599904218943	3.8690556743872e-05	8.8311653065599e-09	7.3349121171113e-07	0.0003453934172123	ARMENIA2	Yegvard
ARMENIA	594229	2	8.2348645593258e-10	0.999998656354985	1.50312732103e-08	3.8363658812848e-09	2.820338380758e-08	1.295750506e-06	ARMENIA2	Yegvard
ARMENIA	594230	2	2.50977257011499e-06	0.747829163370693	3.11659783701603e-05	0.00740641777593749	0.0039619104702185	0.24076883263221	ARMENIA2	Yegvard
ARMENIA	594231	2	1.41110948937809e-09	0.999644670695859	3.81076225090675e-05	2.44062454113246e-08	0.000299017806759085	1.81780575176e-05	ARMENIA2	Yegvard
ARMENIA	594232	5	1.65161785493574e-05	0.020693863649894	0.00897393010111992	6.79075821355346e-05	0.969799377926523	0.0004484045617786	ARMENIA2	Yegvard
ARMENIA	594233	2	1.2010166597604e-07	0.999669626683325	1.4644782787e-08	4.536026347688e-05	0.00011709868885364	0.0001677796178952	ARMENIA2	Yegvard
ARMENIA	594235	5	7.66191091398255e-09	0.00465720540799542	0.000503313278038322	8.96235265530818e-08	0.994675895795635	0.0001634882328939	ARMENIA2	Yegvard
ARMENIA	594237	4	5.5919451487257e-10	0.00427967059335863	2.11630924348293e-05	0.995003922201492	0.000635799156231056	5.94443972888e-05	ARMENIA2	Yegvard
ARMENIA	594238	6	0.000270105484362512	7.45051640910443e-05	1.8749561508924e-06	8.63358013279306e-06	0.000130885743220623	0.999513995072042	ARMENIA2	Yegvard
ARMENIA	594243	4	2.79729999456e-12	3.3801440439678e-06	2.09536043e-10	0.999996372907075	5.503039941741e-08	1.917061477e-07	ARMENIA3	Deprabak
ARMENIA	594250	5	7.9973784497167e-10	0.000118223021203425	0.000466623615901549	0.0896948737789127	0.909657264431549	6.30143526954e-05	ARMENIA3	Deprabak
ARMENIA	594253	2	3.96680225249427e-07	0.985410187465316	4.31057007458759e-05	0.000132840626426238	0.0141084433270442	0.0003050262002428	ARMENIA3	Deprabak
ARMENIA	594255	5	7.2620058407401e-09	0.0251358663245832	0.000214845835829423	0.00054801102242357	0.972961961264574	0.0011393082905836	ARMENIA3	Deprabak
ARMENIA	594261	2	1.382038060516e-10	0.977061018536469	3.2914340235e-09	0.0222306222651015	2.89994996340178e-05	0.0006793562691578	ARMENIA3	Deprabak
ARMENIA	594262	4	3.85759802848272e-07	0.0348726809779826	2.276191024899e-07	0.964223155196636	0.000317141544413501	0.0005864089020625	ARMENIA3	Deprabak
ARMENIA	594265	6	4.10307528804914e-08	0.00258783605512854	1.7553790461e-08	0.00690410173637265	4.05768115864369e-06	0.990503945942797	ARMENIA3	Deprabak
ARMENIA	594269	4	1.743693826e-14	3.5117582435741e-06	5.6432846e-11	0.99959636953389	7.40323545725362e-05	0.0003260862968433	ARMENIA4	Yerevan
ARMENIA	594273	5	2.86777373694217e-08	0.00335480818175795	0.000336825064292294	0.000244000139195257	0.994819689188086	0.0012446487489308	ARMENIA4	Yerevan
ARMENIA	594274	5	5.85969016571548e-08	0.0281902789988895	4.03375312856184e-05	0.000456746282191178	0.971293264247605	1.93143431267e-05	ARMENIA4	Yerevan
ARMENIA	594275	6	1.52228128873465e-08	0.00166249833621605	1.9565497430108e-06	0.000293295121190205	1.73128886654988e-05	0.998024921881372	ARMENIA1	Gavar
ARMENIA	594276	5	9.632082372129e-11	0.00145238538505898	5.1794779840806e-06	0.000129194379309742	0.998413232342692	8.3186349e-09	ARMENIA1	Gavar
ARMENIA	594277	2	5.69195250272e-11	0.995274943226304	2.06103936567794e-05	0.000113044308413539	0.00449254908448421	9.88529302219e-05	ARMENIA1	Gavar
ARMENIA	594278	6	8.75025662539615e-06	0.0409419876726824	3.3383303075553e-06	1.67166928287703e-05	4.68737809073087e-06	0.959024519669465	ARMENIA1	Gavar
ARMENIA	594279	5	1.54405077001635e-09	0.00139173123012121	4.36230892280472e-05	3.34166013126613e-06	0.998558547613894	2.754862575e-06	ARMENIA1	Gavar
ARMENIA	594280	2	4.74552569465239e-08	0.999611631500284	6.7018628944013e-06	6.99519915830984e-06	0.000139838388062946	0.0002347855943433	ARMENIA1	Gavar
ARMENIA	594281	2	1.67949762126473e-07	0.987616290393121	1.9977476245823e-06	0.000191278512270672	0.000144370141990406	0.0120458952552317	ARMENIA1	Gavar
ARMENIA	594282	2	2.58125787082477e-07	0.590109277851955	1.40504608005966e-05	9.23498864978929e-05	0.00019902926812027	0.409585034406839	ARMENIA1	Gavar
ARMENIA	594283	2	2.77819369987369e-07	0.999074831908514	1.10125327527579e-05	0.000594445273403698	0.000293417992932225	2.60144730274e-05	ARMENIA1	Gavar
KAZAKISTAN	594285	3	0.181716155029224	4.819464792e-09	0.818105512700608	8.2559291400575e-09	3.3450932443874e-05	0.0001448682623302	KAZAKISTAN0	Alga
KAZAKISTAN	594286	1	0.951911305502866	3.979240915698e-07	0.0207888333366057	2.12588778383918e-05	1.12758911930315e-06	0.0272770767694793	KAZAKISTAN0	Alga
KAZAKISTAN	594287	1	0.975889742801209	2.5637850002e-09	0.0240975717202222	4.3969441576e-12	5.67287715228e-09	1.26772375097e-05	KAZAKISTAN0	Alga
KAZAKISTAN	594289	3	1.31558421166044e-07	0.0267859534440875	0.950025742598853	2.20997346660909e-05	0.0227989042238311	0.000367168440141	KAZAKISTAN0	Alga
KAZAKISTAN	594291	6	0.0658929889466816	1.90822737298651e-05	0.0703104444949234	1.55970371322554e-07	2.24356663181103e-06	0.863775084747662	KAZAKISTAN0	Alga
KAZAKISTAN	594292	6	0.0012240090941281	4.75926560217333e-05	0.00180153502042768	0.00072724467841839	1.22604235997545e-06	0.996198392508644	KAZAKISTAN0	Alga
KAZAKISTAN	594295	5	8.26775873414182e-09	0.000745708179692999	0.374658460691984	0.00194868218636129	0.622585881638589	6.12590356134e-05	KAZAKISTAN0	Alga
KAZAKISTAN	594296	3	0.000726950821244694	7.01964784484748e-05	0.644076981275651	0.328733922967394	0.0160670857356979	0.0103248627215638	KAZAKISTAN0	Alga
KAZAKISTAN	594297	1	0.98932596707411	8.77141335e-11	0.0103832136617439	1.194621300351e-10	5.9394403119412e-07	0.0002902251129391	KAZAKISTAN0	Alga
KAZAKISTAN	594298	3	0.00379134333321074	3.53832285252e-08	0.996195791102522	8.1821210983595e-09	2.1300338799255e-07	1.26089955292e-05	KAZAKISTAN0	Alga
KAZAKISTAN	594299	6	0.00976756124311413	0.000614463496724474	0.0331228249557204	7.53169847047017e-05	5.95982136009454e-05	0.956360235106135	KAZAKISTAN0	Alga
KAZAKISTAN	594300	3	4.18987729887444e-05	0.000106501802942883	0.991793583537347	0.00175740944054845	0.00628932490810982	1.12815380627e-05	KAZAKISTAN0	Alga
KAZAKISTAN	594301	3	0.185284943520775	1.61589791534e-08	0.812888537747859	1.08384983389605e-08	0.000134324285671204	0.0016921674482174	KAZAKISTAN0	Alga
KAZAKISTAN	594304	3	0.00164735549124766	1.15456310621445e-05	0.998024918586201	2.74745360454767e-07	0.000113167165754706	0.0002027383803743	KAZAKISTAN0	Alga
KAZAKISTAN	594306	4	1.03467199203616e-08	8.458361387496e-07	1.54516291824e-08	0.999998769186423	3.4744358347337e-07	1.17355061e-08	KAZAKISTAN0	Alga
KAZAKISTAN	594307	1	0.999899767597206	4.1536524e-12	9.3392258986742e-05	1.62959546704e-11	2.48929347e-12	6.8401208682e-06	KAZAKISTAN0	Alga
ARMENIA	594310	2	8.34877915585e-12	0.999975187967181	1.25707822073e-07	5.49693038912773e-06	1.34749315477846e-05	5.7144547117e-06	ARMENIA1	Gavar
ARMENIA	594311	4	5.90156591093433e-08	0.0853949692037075	0.000646898015672581	0.890626276315836	0.014014979923046	0.0093168175260783	ARMENIA1	Gavar
KAZAKISTAN	594312	4	1.52158311067411e-08	0.000139679821977549	1.806108371142e-06	0.991329988624992	2.98402472333195e-05	0.0084986699815952	KAZAKISTAN0	Alga
KAZAKISTAN	594313	2	0.127771722346143	0.452131712195896	0.293594873053825	0.0016955351515452	0.0192558635822494	0.105550293670341	KAZAKISTAN0	Alga
UZBEKISTAN	594324	4	0.000263063507555111	0.000830960165036885	0.0615658810285811	0.936885258223176	2.93932374589729e-06	0.0004518977519048	UZBEKISTAN1	Bukhara
UZBEKISTAN	594325	3	3.90711428975852e-05	0.00188588450788889	0.99775331557051	4.50693348587019e-06	9.21241310397168e-06	0.0003080094321139	UZBEKISTAN1	Bukhara
UZBEKISTAN	594326	3	8.18948279012751e-06	1.17190802837008e-05	0.999338812918573	1.51131077535718e-08	0.000639112883728603	2.1505215171e-06	UZBEKISTAN1	Bukhara
UZBEKISTAN	594327	3	5.80606932879974e-08	2.6998585941638e-06	0.997906863525105	2.59742331799257e-06	0.0020877457721817	3.53601073e-08	UZBEKISTAN1	Bukhara
UZBEKISTAN	594328	3	0.00174742062776921	0.000507523879825533	0.958486600679095	0.000287609622743837	0.0387462616614066	0.0002245835291597	UZBEKISTAN1	Bukhara
UZBEKISTAN	594329	1	0.999463081680464	2.141828042695e-07	3.3469150308109e-06	1.03464999554e-11	1.0235671344e-10	0.0005333571089973	UZBEKISTAN1	Bukhara
UZBEKISTAN	594330	2	4.42943051502314e-07	0.996417837707795	0.00339676441800917	1.0423715118384e-05	0.000144539251063969	2.99919649624e-05	UZBEKISTAN1	Bukhara
UZBEKISTAN	594331	3	8.33461449101636e-06	5.74021572442e-08	0.999793394910311	3.300444273928e-10	0.000197947676384567	2.650666116e-07	UZBEKISTAN1	Bukhara
UZBEKISTAN	594332	3	2.25831648144487e-05	1.06224246264817e-05	0.998772414714006	9.37044121085143e-08	0.000722063661401598	0.0004722223307395	UZBEKISTAN1	Bukhara
UZBEKISTAN	594333	3	0.00258657489368101	1.364888973695e-07	0.997402205158707	2.767357809e-12	8.45227847264483e-06	2.6311774748e-06	UZBEKISTAN1	Bukhara
UZBEKISTAN	594334	3	2.4957643493337e-07	4.69618919312e-08	0.999306883702523	2.71182066335042e-08	0.000691211540367513	1.5811005764e-06	UZBEKISTAN1	Bukhara
UZBEKISTAN	594667	3	0.00027450314553347	2.4973250360285e-06	0.999206222600911	2.88102990972e-11	3.69406929832934e-06	0.0005130828304106	UZBEKISTAN0	Karshi
UZBEKISTAN	594668	6	0.000394512669303725	2.4400875935353e-06	0.000290163972222876	9.42483686890054e-05	2.881258467693e-07	0.999218346776344	UZBEKISTAN0	Karshi
UZBEKISTAN	594669	3	7.11188893931142e-05	1.83659310675018e-05	0.999872065932012	5.79957511025682e-08	3.39588775235824e-05	4.4323742533e-06	UZBEKISTAN0	Karshi
UZBEKISTAN	594671	1	0.474011869237572	0.000228555907204522	0.0531253229961627	5.26703922824127e-05	1.4646117036657e-05	0.472566935349742	UZBEKISTAN0	Karshi
UZBEKISTAN	594672	1	0.993509082392285	1.8164997689267e-06	0.00645089622596015	3.9007161756544e-09	4.00961383665e-09	3.81969716558e-05	UZBEKISTAN0	Karshi
UZBEKISTAN	594674	4	2.22989062435689e-07	0.000271970364764744	0.000781058125341306	0.994790163111812	0.00377606878550536	0.0003805166235144	UZBEKISTAN0	Karshi
UZBEKISTAN	594677	4	1.15558275816391e-07	4.3416680224959e-05	3.86901383953323e-05	0.999902757632861	1.49557408074873e-05	6.42494353e-08	UZBEKISTAN0	Karshi
UZBEKISTAN	594678	6	0.493457036987999	2.8793944781678e-06	1.61741658258471e-05	1.1455403516079e-08	3.27807247943e-09	0.50652389471822	UZBEKISTAN0	Karshi
UZBEKISTAN	594679	3	0.0044531252826477	0.0163361740909392	0.977799967955736	2.23963056942536e-05	1.21220932608967e-05	0.001376214271722	UZBEKISTAN0	Karshi
UZBEKISTAN	594681	3	0.0487754758442059	6.8906231866921e-06	0.950767356424272	9.1275405219928e-09	2.7313485172635e-05	0.0004229544956224	UZBEKISTAN0	Karshi
UZBEKISTAN	594682	3	1.08892715324164e-05	0.000106915284418265	0.997705376707427	9.03371547768726e-08	1.08605487445887e-05	0.0021658678507226	UZBEKISTAN0	Karshi
UZBEKISTAN	594683	3	0.000255504709368426	2.7816747150083e-06	0.998257579764791	1.34627869698789e-08	8.55838273365684e-05	0.0013985365610018	UZBEKISTAN0	Karshi
UZBEKISTAN	594684	6	0.000361914396393326	0.000436780677020468	0.000140297973949955	0.00950165335632405	2.92478753434851e-06	0.989556428808778	UZBEKISTAN0	Karshi
UZBEKISTAN	594685	3	0.000567054767714908	4.20786770789243e-05	0.999373425177367	7.828531487121e-10	1.72206863050723e-05	2.199086803e-07	UZBEKISTAN0	Karshi
UZBEKISTAN	594690	1	0.988866117438415	4.69185173045944e-05	2.82319652974451e-05	1.502935560967e-10	7.20866756115e-09	0.0110587247200216	UZBEKISTAN0	Karshi
UZBEKISTAN	594691	3	0.0210091363385007	2.52457945074702e-05	0.976041685315647	1.51202458059991e-07	0.00141521046957535	0.0015085708793113	UZBEKISTAN0	Karshi
UZBEKISTAN	594692	3	0.00107528110314026	8.2024337608e-09	0.998622653579267	2.38886574162344e-08	4.0096490697574e-07	0.0003016322615943	UZBEKISTAN0	Karshi
UZBEKISTAN	594696	1	0.998018156955543	0.000133569908597629	0.000239408430205705	7.78938371679e-11	1.29122334048629e-05	0.0015959523943554	UZBEKISTAN0	Karshi
UZBEKISTAN	594698	1	0.821252329972349	1.95019545888924e-05	0.169585849257382	1.85955201944959e-06	1.03055991127382e-05	0.0091301536645476	UZBEKISTAN0	Karshi
UZBEKISTAN	594701	3	0.000227568528186415	6.182742821546e-07	0.999688974451663	3.9902068633e-12	4.74582703369875e-06	7.80929148448e-05	UZBEKISTAN0	Karshi
UZBEKISTAN	594702	6	0.00120743543690897	0.0235340622163752	0.00263916453472465	0.00038478466735774	7.6886834794882e-06	0.972226864461154	UZBEKISTAN0	Karshi
UZBEKISTAN	594703	6	0.00949651402367515	5.88234919662424e-05	0.0563353690080234	1.97184495250793e-06	0.063304732881071	0.870802588750312	UZBEKISTAN0	Karshi
UZBEKISTAN	594706	2	0.000548321720908548	0.921704951108902	0.0771154340604914	3.07082842594334e-06	0.000299020986028914	0.0003292012952428	UZBEKISTAN0	Karshi
UZBEKISTAN	594708	1	0.989310944174969	6.1597555384846e-06	1.08387794686705e-05	1.409010058074e-10	8.20249378007e-09	0.0106720489466294	UZBEKISTAN0	Karshi
ARMENIA	594711	2	3.81427693151035e-06	0.926815145505665	5.905514114677e-07	8.17016992259988e-06	1.49927188496581e-06	0.0731707802241841	ARMENIA5	Martumi
ARMENIA	594712	2	2.13182744931319e-08	0.997861050702392	4.688156142149e-07	3.27630031522014e-06	0.0006672941555769	0.001467888707827	ARMENIA5	Martumi
ARMENIA	594715	4	5.426287633397e-11	8.253844156193e-07	2.997445022e-10	0.999995238557659	8.5005178940137e-07	3.0856521286e-06	ARMENIA5	Martumi
ARMENIA	594716	4	3.7301635874955e-10	0.00165215276962226	5.62492381719207e-05	0.993705037845443	0.004552029750628	3.45300231189e-05	ARMENIA5	Martumi
ARMENIA	594718	4	9.8443048778e-13	0.0112347847089509	2.2089228212e-09	0.9887477110595	2.54425923129947e-06	1.49577624102e-05	ARMENIA5	Martumi
ARMENIA	594720	6	2.85645398549296e-05	0.00472728229462304	0.00372222837807059	1.50844984643702e-05	0.00903523093778889	0.982471609351198	ARMENIA5	Martumi
ARMENIA	594724	4	1.932511831596e-11	0.0179840182989647	1.6941970254263e-06	0.969136857302621	0.0128773699585568	6.02235072e-08	ARMENIA5	Martumi
ARMENIA	594725	5	6.1543646333794e-10	4.111836873881e-07	2.09002432625435e-05	3.87088352143954e-06	0.999974812800119	4.2739729e-09	ARMENIA5	Martumi
ARMENIA	594726	2	2.45900968821181e-09	0.978146112596571	5.908889492191e-07	0.000104378320441792	0.0217291944771114	1.97212579172e-05	ARMENIA5	Martumi
ARMENIA	594727	3	4.92119712117123e-05	0.00330320994459911	0.507382709682433	3.9211719736479e-08	0.483484935553185	0.0057798936368516	ARMENIA5	Martumi
ARMENIA	594730	2	7.70393546228905e-07	0.895991037646879	0.00462320669360159	3.22237462561173e-05	0.0922028776081401	0.0071498839115771	ARMENIA5	Martumi
ARMENIA	594734	5	4.08525895301119e-08	0.00612377542624227	2.14471783159093e-05	3.23000584758187e-07	0.99383370075268	2.07127895872e-05	ARMENIA5	Martumi
ARMENIA	594740	2	1.69599584224848e-07	0.989966424961271	0.00317576842086789	1.6768226338112e-06	0.00670970185833329	0.0001462583373096	ARMENIA0	Chambarak
ARMENIA	594741	2	1.97806119743858e-05	0.739959953961191	0.000521291788498555	8.39356831541491e-07	0.245938192319552	0.0135599419619525	ARMENIA0	Chambarak
ARMENIA	594744	6	1.24758398758628e-05	0.0636479342317745	5.3183724093453e-06	8.66054381091169e-07	7.06224456638619e-05	0.936262783055895	ARMENIA5	Martumi
ARMENIA	594843	6	1.92034858350507e-05	0.474443806569211	1.10819075157521e-05	2.11898488849517e-06	0.0010337259227869	0.524490063129762	ARMENIA0	Chambarak
AZERBAIJAN	595072	6	0.00780714010422421	7.190326538833e-07	3.01570257314069e-05	1.04155273781594e-05	1.359432028597e-08	0.992151554715692	AZERBAIJAN1	Ismailly
AZERBAIJAN	595075	6	0.0155475343280919	0.000341709468638166	0.000267884425728545	5.56587996558113e-07	0.000158085923870726	0.983684229265674	AZERBAIJAN1	Ismailly
AZERBAIJAN	595076	1	0.886274116595165	0.00799250221377863	0.00396540597561722	2.8377449962731e-09	1.39382540762931e-06	0.101766578552286	AZERBAIJAN1	Ismailly
AZERBAIJAN	595079	1	0.994697236452164	0.0029163470551251	0.00184126479027164	1.0940486063507e-09	1.95215243880429e-05	0.0005256290840021	AZERBAIJAN1	Ismailly
AZERBAIJAN	595080	6	0.0242269081471406	0.0120236745257072	2.99569138755622e-05	1.21097947229529e-07	1.10289097806109e-06	0.963718236424351	AZERBAIJAN1	Ismailly
AZERBAIJAN	595081	6	5.27301260288032e-05	0.00168192929254584	0.102954309618775	1.8951275263924e-06	0.00806833425439146	0.887240801580732	AZERBAIJAN1	Ismailly
AZERBAIJAN	595083	1	0.972639128245653	5.81426568737055e-05	0.00489108220473202	5.050923513228e-10	1.15442165217321e-06	0.0224104919659971	AZERBAIJAN1	Ismailly
AZERBAIJAN	595085	6	0.000941292608254062	2.39541018529651e-05	0.000878154771217077	1.4271404126941e-09	1.5353847504434e-07	0.99815644355306	AZERBAIJAN1	Ismailly
AZERBAIJAN	595087	5	8.86556610635873e-05	0.130945210151839	0.0551687779945244	5.15578114349294e-05	0.786155178595149	0.027590619785989	AZERBAIJAN1	Ismailly
AZERBAIJAN	595088	6	0.135308049467377	7.14393390835413e-05	3.06901142879401e-05	5.9241976029e-11	2.586199432413e-08	0.864589795158015	AZERBAIJAN1	Ismailly
ARMENIA	595091	6	9.36014940382022e-05	0.00358266330169674	1.8322511980212e-06	2.38292063551308e-08	0.00165816626935795	0.994663712854503	ARMENIA0	Chambarak
ARMENIA	595092	2	1.31209886893278e-09	0.987757603111883	1.8569427141562e-05	4.29040813399994e-05	0.0121745210126599	6.4010548766e-06	ARMENIA0	Chambarak
ARMENIA	595093	5	1.57474636527858e-06	0.000852769829405766	0.000917547843266772	4.54212071793473e-07	0.998179312996755	4.83403721353e-05	ARMENIA0	Chambarak
ARMENIA	595094	2	9.6561311297292e-10	0.999735048123693	9.240955681367e-07	1.23446441359048e-05	0.000238023720986184	1.36584500041e-05	ARMENIA0	Chambarak
ARMENIA	595095	2	2.96827493929822e-09	0.99976185090745	1.790790522074e-07	1.08473932703876e-06	7.19869268652413e-06	0.0002296836132098	ARMENIA0	Chambarak
ARMENIA	595096	2	1.4359735872546e-10	0.999838577335583	1.1617716056215e-06	1.96250131494997e-07	0.000138531969174419	2.15325299077e-05	ARMENIA0	Chambarak
ARMENIA	595098	6	0.000374468852543582	0.00650906935766336	0.0494521656833611	4.57229550523302e-05	0.0435558272550992	0.90006274589628	ARMENIA0	Chambarak
ARMENIA	595100	6	5.66046452120547e-07	0.350956221384222	8.23820571574273e-05	0.00366834077750817	0.0075681561475797	0.637724333587081	ARMENIA0	Chambarak
ARMENIA	595102	5	1.7190446370371e-10	0.000314712797289803	3.6653716858996e-06	4.07335170093474e-05	0.999640716746708	1.713954023e-07	ARMENIA0	Chambarak
ARMENIA	595103	2	6.96872328309483e-07	0.9978377439316	7.192967959925e-07	9.49210230524103e-06	2.43755039880067e-06	0.0021489102465715	ARMENIA0	Chambarak
AZERBAIJAN	595104	6	3.0345126247145e-05	0.000115988392628098	8.01309594464668e-05	0.000159650043175602	0.00020888606377016	0.999404999414733	AZERBAIJAN1	Ismailly
AZERBAIJAN	595105	6	3.14740653129346e-05	1.02809552231124e-05	1.981369040113e-07	2.40346747871293e-05	8.504243544307e-08	0.999933927125337	AZERBAIJAN1	Ismailly
AZERBAIJAN	595106	2	8.46574971004613e-05	0.872462396748308	0.000183833578883214	3.54307884919854e-05	0.000760310293378052	0.126473371093838	AZERBAIJAN1	Ismailly
AZERBAIJAN	595107	1	0.996988284449776	3.0566754544e-09	0.00158225119992059	6.120520843e-13	1.26855150543e-09	0.0014294600244638	AZERBAIJAN1	Ismailly
AZERBAIJAN	595110	6	0.00695268665341785	0.00307003327274807	0.00368633141575215	3.08306863987115e-08	0.000560005565544258	0.985730912261851	AZERBAIJAN1	Ismailly
AZERBAIJAN	595111	6	0.000842080292869392	8.3982979113874e-06	0.136661380998188	4.9458517332594e-07	1.07836819421394e-05	0.862476862143916	AZERBAIJAN1	Ismailly
AZERBAIJAN	595112	3	0.000218185177825777	2.61961620209771e-05	0.647008911431298	2.36063712206248e-06	0.0170681026739875	0.335676243917746	AZERBAIJAN1	Ismailly
AZERBAIJAN	595113	6	0.195838826984098	2.04144009257e-07	0.0136511398715007	1.385022373475e-10	6.4084303250573e-07	0.790509188018857	AZERBAIJAN1	Ismailly
AZERBAIJAN	595114	6	0.000910380606367424	0.0209909204485681	0.0453352654119218	1.05541166634369e-05	0.0280390907882437	0.904713788628236	AZERBAIJAN1	Ismailly
AZERBAIJAN	595115	6	0.0481022538281927	8.91793689004216e-05	0.00886726888413516	4.71519934211117e-08	0.000342903947181881	0.942598346819596	AZERBAIJAN1	Ismailly
AZERBAIJAN	595116	6	1.02608761892511e-07	1.586997092322e-07	4.308551148e-10	7.40530125676815e-07	2.6221185632e-10	0.999998997468336	AZERBAIJAN1	Ismailly
AZERBAIJAN	595117	3	0.350909961014661	4.437171330327e-07	0.648371365891581	6.0052421973228e-09	9.22984488171083e-05	0.0006259249225657	AZERBAIJAN1	Ismailly
AZERBAIJAN	595118	6	0.0587687395348507	0.00415226047237338	5.140432570441e-06	9.453838374076e-09	1.5586348487783e-07	0.937073694242882	AZERBAIJAN1	Ismailly
AZERBAIJAN	595119	1	0.99431412589898	0.000508668440075724	0.00189647668866159	6.68696850442551e-08	6.98332867912583e-05	0.0032108288158065	AZERBAIJAN0	Sis
AZERBAIJAN	595123	6	0.00362176822752833	0.00327930033227436	0.000711363783860623	1.86211941564141e-06	3.2997270868651e-07	0.992385375564212	AZERBAIJAN0	Sis
AZERBAIJAN	595124	3	0.000590918795604058	0.000375808131310826	0.998700007898256	5.41021698322374e-08	0.000307340569695198	2.58705029636e-05	AZERBAIJAN0	Sis
AZERBAIJAN	595126	3	0.0969749510428418	2.83383272479726e-05	0.881125168315314	4.04121094355257e-08	0.000152704310576792	0.0217187975919098	AZERBAIJAN0	Sis
AZERBAIJAN	595127	6	2.89410646697865e-08	0.000927427202868154	3.722889458381e-07	1.76621878863047e-06	0.000542865353932923	0.9985275399944	AZERBAIJAN0	Sis
AZERBAIJAN	595129	3	0.00975859415698913	0.00171056897028654	0.803211888027628	8.9589802585755e-05	0.10096827531174	0.0842610837307706	AZERBAIJAN0	Sis
AZERBAIJAN	595134	6	0.00661940673729047	0.000204557418226968	0.0231362586276149	0.00289652571256756	2.7558306369243e-05	0.967115693197931	AZERBAIJAN0	Sis
AZERBAIJAN	595135	1	0.924175800706083	3.281671926638e-07	0.00488325483316265	1.21688191194665e-05	5.5061654048862e-07	0.0709278968579021	AZERBAIJAN0	Sis
